118.3219128306828 41.650056052583174 82.27229846550364 20.318366696079682 
15.192254307048767 16.376057785381 15.60475599460817 24.830471602704144 
29.594890326841718 51.41763023996202 23.492062038590436 42.18115247961759 
92.54636512341878 120.16838470589806 64.17380991241278 97.78324516302928 
151.22014046756811 127.17632534768222 158.52998817614775 129.72998224011585 
29.671129867993024 52.63723301404387 144.69471736510528 57.65440610765879 
198.70812155155355 221.5402241223769 202.13910147990407 252.90606863188887 
180.94678763095777 147.78329167378251 127.6906404088984 147.00527419474477 
26.563221541021516 99.1070056297181 29.185541908660213 56.72525932994693 
24.16229857026272 33.84250923710418 24.5840585337771 26.103513197719252 
0.0 0.0 0.0 0.0 
0.0 0.0 0.0 0.0 
0.0 0.0 0.0 0.0 
0.0 0.0 0.0 0.0 
0.0 0.0 0.0 0.0 
34.84301007668211 119.70969149307261 59.205129526912835 84.67783414799102 
0.0 0.0 0.0 0.0 
0.0 0.0 0.0 3.325863110828981 
0.0 0.0 0.0 0.0 
0.0 0.0 22.866225550996063 1.2577716540686803 
0.0 0.0 0.0 0.0 
0.0 0.0 0.0 0.0 
0.0 0.0 0.0 0.0 
0.0 0.0 0.0 0.0 
0.0 0.0 0.0 0.0 
0.0 0.0 0.0 0.0 
0.0 0.0 0.0 0.0 
25.890071542022284 92.15012125834127 45.909318098423974 56.783281641662114 
4.307435483983313 29.514639641773023 3.105940819799301 29.601814769146007 
26.422227206929417 36.926158502956056 25.712210000860814 27.671053267559486 
0.0 0.0 0.0 0.0 
0.0 0.0 0.0 0.0 
0.0 0.0 0.0 0.0 
0.0 0.0 0.0 0.0 
0.0 0.0 0.0 0.0 
0.0 0.0 0.0 0.0 
0.0 0.0 0.0 0.0 
13.785545984082916 39.32016335469046 184.80744868600777 51.91190698626454 
0.0 0.0 0.0 0.0 
209.1066468315185 173.0533029573373 145.10793689708626 173.05265728667686 
0.0 0.0 0.0 0.0 
4.154016464828532 5.686645436260384 13.7593463572374 4.929674954018214 
0.0 0.0 0.0 0.0 
0.0 0.0 0.0 0.0 
0.0 0.0 0.0 0.0 
0.0 0.0 0.0 0.0 
0.0 0.0 0.0 0.0 
0.0 0.0 0.0 0.0 
0.0 0.0 0.0 0.0 
0.0 0.0 0.0 0.0 
0.0 0.0 0.0 0.0 
0.11546343784350487 2.316863658641004 0.0 0.0 
0.0 0.0 0.0 0.0 
0.0 0.0 0.0 0.0 
0.0 0.0 0.0 0.0 
0.0 0.0 0.0 0.0 
0.0 0.0 0.0 0.0 
0.0 0.0 0.0 0.0 
0.0 0.0 0.0 0.0 
0.0 0.0 0.0 0.0 
0.0 0.0 0.0 0.0 
20.37920642512774 4.08907821993989 1.1618188604971822 0.688413698604081 
0.0 0.0 0.0 0.0 
0.0 0.0 0.0 0.0 
0.0 0.0 0.0 0.0 
0.0 0.0 0.0 0.0 
0.0 0.0 0.0 0.0 
0.0 0.0 0.0 0.0 
0.0 0.0 0.0 0.0 
0.0 0.0 0.0 0.0 
0.0 0.0 0.0 0.0 
65.5890491129339 41.87529959760442 43.81764020040082 68.63900298413843 
0.0 0.0 0.0 0.0 
0.0 0.0 0.0 0.0 
0.0 0.0 0.0 0.0 
0.0 0.0 0.0 0.0 
0.0 0.0 0.0 0.0 
0.0 0.0 0.0 0.0 
0.0 0.0 0.0 0.0 
0.0 0.0 0.0 0.0 
0.0 0.0 0.0 0.0 
0.0 0.0 0.0 0.0 
0.0 0.0 0.0 0.0 
0.0 0.0 0.0 0.0 
0.0 0.0 0.0 0.0 
0.0 0.0 0.0 0.0 
0.0 0.0 0.0 0.0 
0.0 0.0 0.0 0.0 
0.0 0.0 0.0 0.0 
0.0 0.0 0.0 0.0 
0.0 0.0 0.0 0.0 
0.0 0.0 0.0 0.0 
0.0 0.0 0.0 0.0 
0.0 0.0 0.0 0.0 
0.0 0.0 0.0 0.0 
0.0 0.0 0.0 0.0 
0.0 0.0 0.0 0.0 
0.0 0.0 0.0 0.0 
0.0 0.0 0.0 0.0 
0.0 0.0 0.0 0.0 
0.0 0.0 0.0 0.0 
0.0 0.0 0.0 0.0 
0.0 0.0 0.0 0.0 
0.0 0.0 0.0 0.0 
165.10072913351246 128.83238345443175 165.95838950041298 134.00368814109635 
103.42836429922785 123.10548898054451 83.91865132290265 91.45731569242712 
127.49440931647908 131.102867472255 113.84277484723447 142.80362507068412 
59.15677598051426 77.36459672017385 121.98646908507033 61.808847797158535 
145.128963606067 161.2578632848586 228.8409914865669 107.46436483414178 
81.03923871698527 79.3380403609866 77.04018153821205 107.15612250730976 
60.56772087930074 79.82748563338991 56.542815281979706 99.03921763050563 
64.28414395797962 67.20822166478294 69.79463513332107 76.86384072386745 
8.074416987186892 37.97323256547996 6.785382615556916 20.333439214169996 
5.8409944466745625 51.8899731669662 9.689411011815169 11.27865278298262 
0.0 0.0 0.0 0.0 
0.0 0.0 0.0 0.0 
0.0 0.0 0.0 0.0 
0.0 0.0 0.0 0.0 
0.0 0.0 0.0 0.0 
29.629845802674847 34.98984442737715 33.55739315355073 47.29771750059619 
0.0 0.0 0.0 0.0 
44.198669883121674 4.9918990107322045 11.3843057278773 0.0 
0.0 0.0 0.0 0.0 
7.539986071412165 0.5839720167147004 6.121299965562897 0.0 
0.0 0.0 0.0 0.0 
0.0 0.0 0.0 0.0 
0.0 0.0 0.0 0.0 
0.0 0.0 0.0 0.0 
0.0 0.0 0.0 0.0 
0.0 0.0 0.0 0.0 
0.0 0.0 0.0 0.0 
17.037913249877732 87.08253063990601 40.59767629719686 59.72241394225705 
35.307297370909275 66.95425727630261 43.57982231448259 69.89177408296467 
61.007166393927804 63.262399427614554 53.31637772140452 62.26089784561209 
0.0 0.0 0.0 0.0 
0.0 0.0 0.0 0.0 
0.0 0.0 0.0 0.0 
0.0 0.0 0.0 0.0 
0.0 0.0 0.0 0.0 
0.0 0.0 0.0 0.0 
0.0 0.0 0.0 0.0 
36.96984858461066 52.15118419205293 57.39664128730759 52.47290816822281 
0.0 0.0 0.0 0.0 
57.76121864179519 49.041556263937835 45.21047336416338 48.803741936513305 
0.0 0.0 0.0 0.0 
0.0 0.0 0.0 0.0 
0.0 0.0 0.0 0.0 
0.0 0.0 0.0 0.0 
0.0 0.0 0.0 0.0 
0.0 0.0 0.0 0.0 
0.0 0.0 0.0 0.0 
0.0 0.0 0.0 0.0 
0.0 0.0 0.0 0.0 
0.0 0.0 0.0 0.0 
0.0 0.0 0.0 0.0 
0.0 0.0 0.0 0.0 
0.0 0.0 0.0 0.0 
0.0 0.0 0.0 0.0 
0.0 0.0 0.0 0.0 
0.0 0.0 0.0 0.0 
0.0 0.0 0.0 0.0 
0.0 0.0 0.0 0.0 
0.0 0.0 0.0 0.0 
0.0 0.0 0.0 0.0 
0.0 0.0 0.0 0.0 
23.72820663231871 6.142335018300633 0.0 3.337594934053473 
0.0 0.0 0.0 0.0 
0.0 0.0 0.0 0.0 
0.0 0.0 0.0 0.0 
0.0 0.0 0.0 0.0 
0.0 0.0 0.0 0.0 
0.0 0.0 0.0 0.0 
0.0 0.0 0.0 0.0 
0.0 0.0 0.0 0.0 
0.0 0.0 0.0 0.0 
0.0 47.54711334671058 0.0 45.648305825954715 
0.0 0.0 0.0 0.0 
0.0 0.0 0.0 0.0 
0.0 0.0 0.0 0.0 
0.0 0.0 0.0 0.0 
0.0 0.0 0.0 0.0 
0.0 0.0 0.0 0.0 
0.0 0.0 0.0 0.0 
0.0 0.0 0.0 0.0 
0.0 0.0 0.0 0.0 
0.0 0.0 0.0 0.0 
0.0 0.0 0.0 0.0 
0.0 0.0 0.0 0.0 
0.0 0.0 0.0 0.0 
0.0 0.0 0.0 0.0 
0.0 0.0 0.0 0.0 
0.0 0.0 0.0 0.0 
0.0 0.0 0.0 0.0 
0.0 0.0 0.0 0.0 
0.0 0.0 0.0 0.0 
0.0 0.0 0.0 0.0 
0.0 0.0 0.0 0.0 
0.0 0.0 0.0 0.0 
0.0 0.0 0.0 0.0 
0.0 0.0 0.0 0.0 
0.0 0.0 0.0 0.0 
0.0 0.0 0.0 0.0 
0.0 0.0 0.0 0.0 
0.0 0.0 0.0 0.0 
0.0 0.0 0.0 0.0 
0.0 0.0 0.0 0.0 
0.0 0.0 0.0 0.0 
0.0 0.0 0.0 0.0 
219.71435939755793 187.99940348530245 203.85423511811487 181.76244469935068 
189.59773787895153 173.56181167387786 173.30611522909751 173.74429112956767 
182.88768214494553 238.26339162945348 69.59376217231758 71.95163970850734 
196.08044371171724 260.263036051095 193.3648538323569 225.35922220819737 
279.14299187686646 247.28955644187397 251.8237939208962 256.36113914428336 
160.5503163123999 163.73072373726492 159.00765352894072 189.4854170089968 
163.724217430256 185.79772165545216 165.39553483365808 198.25420136737569 
183.7782385109981 161.8329666434413 165.67698795510768 166.2376224218222 
0.0 0.0 0.0 0.0 
0.0 0.0 0.0 0.0 
0.0 0.0 0.0 0.0 
0.0 0.0 0.0 0.0 
0.0 0.0 0.0 0.0 
0.0 0.0 0.0 0.0 
0.0 0.0 0.0 0.0 
11.354599568853946 25.722666041990845 11.815057230379583 90.24381211915984 
0.0 0.0 0.0 0.0 
0.0 0.0 0.0 0.0 
0.0 0.0 0.0 0.0 
0.0 0.0 0.0 0.0 
0.0 0.0 0.0 0.0 
0.0 0.0 0.0 0.0 
0.0 0.0 0.0 0.0 
0.0 0.0 0.0 0.0 
0.0 0.0 0.0 0.0 
0.0 0.0 0.0 0.0 
0.0 0.0 0.0 0.0 
0.0 30.49654085304254 18.618156702634096 0.0 
0.0 0.0 0.0 0.0 
26.148490661128676 49.60293273589572 15.97485546985401 83.21830924621484 
0.0 0.0 0.0 0.0 
0.0 0.0 0.0 0.0 
0.0 0.0 0.0 0.0 
0.0 0.0 0.0 0.0 
0.0 0.0 0.0 0.0 
0.0 0.0 0.0 0.0 
0.0 0.0 0.0 0.0 
54.60321480360174 25.513958946848582 1.6699221883886712 7.808678251484626 
0.0 0.0 0.0 0.0 
34.57336767470393 6.654198454207096 0.0 0.0 
0.0 0.0 0.0 0.0 
0.0 0.0 0.0 0.0 
0.0 0.0 0.0 0.0 
0.0 0.0 0.0 0.0 
0.0 0.0 0.0 0.0 
0.0 0.0 0.0 0.0 
0.0 0.0 0.0 0.0 
0.0 0.0 0.0 0.0 
0.0 0.0 0.0 0.0 
0.0 0.0 0.0 0.0 
0.0 0.0 0.0 0.0 
0.0 0.0 0.0 0.0 
0.0 0.0 0.0 0.0 
0.0 0.0 0.0 0.0 
0.0 0.0 0.0 0.0 
0.0 0.0 0.0 0.0 
0.0 0.0 0.0 0.0 
0.0 0.0 0.0 0.0 
0.0 0.0 0.0 0.0 
0.0 0.0 0.0 0.0 
0.0 0.0 0.0 0.0 
0.0 0.0 0.0 0.0 
0.0 0.0 0.0 0.0 
0.0 0.0 0.0 0.0 
0.0 0.0 0.0 0.0 
0.0 0.0 0.0 0.0 
0.0 0.0 0.0 0.0 
0.0 0.0 0.0 0.0 
0.0 0.0 0.0 0.0 
0.0 0.0 0.0 0.0 
0.0 0.0 0.0 0.0 
0.0 0.0 0.0 0.0 
0.0 0.0 0.0 0.0 
0.0 0.0 0.0 0.0 
0.0 0.0 0.0 0.0 
0.0 0.0 0.0 0.0 
0.0 0.0 0.0 0.0 
0.0 0.0 0.0 0.0 
0.0 0.0 0.0 0.0 
0.0 0.0 0.0 0.0 
0.0 0.0 0.0 0.0 
0.0 0.0 0.0 0.0 
0.0 0.0 0.0 0.0 
0.0 0.0 0.0 0.0 
0.0 0.0 0.0 0.0 
0.0 0.0 0.0 0.0 
0.0 0.0 0.0 0.0 
0.0 0.0 0.0 0.0 
0.0 0.0 0.0 0.0 
0.0 0.0 0.0 0.0 
0.0 0.0 0.0 0.0 
0.0 0.0 0.0 0.0 
0.0 0.0 0.0 0.0 
0.0 0.0 0.0 0.0 
0.0 0.0 0.0 0.0 
0.0 0.0 0.0 0.0 
0.0 0.0 0.0 0.0 
0.0 0.0 0.0 0.0 
0.0 0.0 0.0 0.0 
0.0 0.0 0.0 0.0 
0.0 0.0 0.0 0.0 
0.0 0.0 0.0 0.0 
0.0 0.0 0.0 0.0 
0.0 0.0 0.0 0.0 
