303.0514655901999 289.0348945417784 317.07363056563946 283.97013271683034 284.8644961503663 
251.8371349744973 260.5960525624821 252.8469126740186 243.79936700857186 243.69259302129055 
114.10678107562975 82.51893001483695 79.39404296238175 63.7936532647284 72.99157329971113 
1.957014533104258 0.0 32.41152389047355 3.310330853881958 5.3916846315160845 
55.51485683582189 4.196923176788136 4.196923176788136 8.073871169867939 18.209700180357565 
21.681586170143277 132.43088659857816 21.125313842740074 64.47248179203093 38.05568780127224 
359.90505176705693 375.40944823214863 454.0003828661078 409.57332219558225 385.9312646870538 
567.720236865516 499.29022096904635 448.69222578775344 473.5430538684339 492.68196090877785 
226.65812789155962 259.27202861263316 215.56490756032068 253.9517955953315 250.43221618165887 
249.47756778108123 224.39505605860177 218.60543910485302 226.07472614257625 230.24561635642064 
218.26150909517585 214.79194953020593 246.45034035002092 247.12453343884215 231.13070507585283 
159.01236415348822 159.79736830299703 136.83448150787933 152.0637307254843 150.97490376094882 
154.65552078163344 125.34789856330951 163.47001072215448 152.36338054841963 181.84698822186508 
368.2588316694412 313.83798621244415 296.38626074586597 320.58046529617053 320.1714340073619 
314.4669315058307 286.5024428874435 280.4247094120724 273.80929700499695 280.34954522758704 
316.6473483498889 268.21775253208875 264.1976236090796 265.2780099943521 262.7337233631864 
311.4143162849169 434.16622481479743 329.3539257741055 327.52236497920296 315.8220469423197 
293.00047031675257 333.9335773241182 268.3172357617384 268.6089435795859 281.88511522267055 
216.45035215753092 303.0226393965029 223.69409437540924 173.2306682703668 226.10458908060963 
158.75330187100406 166.2347713131322 171.47594500306747 163.43271262257295 151.29836575669123 
224.85458137300907 225.30786431297304 215.8309195577079 239.98559852883517 228.14640713444467 
481.93891431826637 592.2917257689869 482.3998097948269 515.6177748227503 540.956061194223 
605.2784253291927 690.1764033149341 571.7670900499181 615.903231828689 615.7813482707404 
247.00356837000592 262.9633928705307 246.71340060489322 271.7784312175697 252.65440494640325 
-117.02547737110042 237.69543588525733 302.5323708416022 159.72449524058175 231.4537070064049 
253.8373234624568 293.8589973831431 262.5518697127531 259.8604628708957 243.37242897960883 
222.88884931650304 257.25622640934387 286.1057346408644 222.64755616887288 263.3999389996646 
126.86693335660627 123.53246234334159 165.55947236538793 129.34939017052992 152.32647387285115 
205.67092476263468 245.2818292331882 198.43336798574836 192.7831480796162 194.01886673758582 
246.4650357417067 272.25071363745826 348.9324730505072 266.3815318943903 269.59144805109884 
239.9232772205662 239.2815214612922 229.18912861984498 225.03027651227987 214.1935501888182 
228.44349193304168 229.57177795792126 226.92908928802748 221.80885117054197 217.54562463358144 
345.4862367327014 455.5770180643642 0.0 0.0 528.1586004930718 
929.8503348294972 663.9957697355704 1022.6097712546533 714.1450788119007 963.1065489186227 
0.0 300.34599600996376 457.9929862691381 383.3744396794351 359.32731248456605 
12.17702175785588 25.89043336918927 0.0 24.815662649953154 93.20491273610443 
-36.049609065600386 188.1350919913652 170.43933580640515 77.63040653382134 154.46574133084164 
252.8419673047393 279.02185035985264 383.3393275966337 253.61067308716218 285.6250738807401 
303.7786175401377 68.05233823455569 274.10642070717563 273.05581630152244 276.8896730511117 
248.18919837261708 341.203138653245 426.32049761320667 310.7321319581163 341.28963158424875 
340.47714330672056 331.55821590859625 334.0487081944406 338.09885178348975 329.91058072539676 
292.2606202409424 350.9615602581403 381.95973078747784 378.39744609903687 378.17472262197896 
211.38402344916318 245.56035054029508 452.1971279279392 208.6081923087783 306.03134218772425 
215.0402059897861 235.07303155710517 342.91093278457913 234.57377533948494 288.7779645653181 
153.6749923084915 202.1035033927949 147.29506428447527 228.1488964933239 175.9113047898922 
225.49477767300624 205.88549627424663 201.57130848124496 206.68598609537227 206.70793782646876 
213.44321957313554 213.46433472407202 243.56743703000777 212.60687842862268 210.67501605033632 
254.50158018703814 269.0105045957688 308.1581705106191 267.3528331032537 275.29229913592854 
515.7634215862331 544.8196028305633 532.4305309995739 643.2482138637644 542.0132135263823 
602.8540347957677 605.4650912309279 626.8126831661427 748.8830319593383 622.4423563422378 
515.5600434782352 505.10924708263457 375.1439902700304 789.2712305341479 619.7774009498811 
0.0 0.0 0.0 0.0 0.0 
44.93911000904753 2.8819171816658473 12.895643776759552 0.0 2.9001036683602948 
294.0190302901031 257.39687263984075 147.4404230516963 164.65855933805537 244.9548297582221 
435.75906839792157 464.9548005573656 391.1956941575869 577.949834222436 482.2399709658348 
402.19337542922807 424.14096689329165 440.02696753379035 476.5529273468026 420.28349529950333 
231.55324341194992 195.17146577483967 205.79436538201028 205.51351444139627 213.23580234113192 
198.3682656697127 200.12701430412312 189.92603082582485 213.96781154452603 171.24646699412637 
12.31600749556184 0.0 0.0 106.22216385808062 12.530912647465879 
0.0 0.0 0.0 0.0 0.0 
42.41251914799755 58.58134258937159 22.8434715991078 25.001337385519427 26.56391626911075 
175.86103369857935 182.16900649601087 216.8126768284923 168.65632861784363 196.35317542221262 
211.5470632174836 211.8301921050658 211.9048878470393 236.76968518994275 199.80067392140927 
191.59155437155624 200.31196969159208 189.27399439857916 247.7884694789065 203.6447729028192 
448.98019661946853 299.4972155760961 359.61012224989935 303.2421130675776 321.35055372910045 
248.81913291907216 284.97145006605535 248.14880049370493 249.04266632511633 243.88518981776693 
264.42717866163247 265.7723108349075 266.5094086558031 273.0816350870642 253.48973364225083 
206.09724478407242 292.5359534733776 200.97067417205838 208.15910012466637 219.50350551892745 
608.6459409443443 534.0347394578458 604.3424298928421 520.8901728345683 500.370639970925 
324.99139778535806 341.59234750378687 336.6125557658821 404.34827166639496 350.09327810773374 
327.2432557580829 318.43536825476775 318.2499209275577 305.14776953949485 300.9041757530187 
281.1936551721173 256.4303677017675 256.3635742067388 252.19691886184995 258.86539400860164 
0.0 0.0 0.0 0.0 0.0 
0.0 0.0 0.0 0.0 0.0 
0.0 0.0 0.0 0.0 0.0 
0.0 0.0 0.0 0.0 0.0 
0.0 0.0 0.0 0.0 0.0 
0.0 0.0 0.0 0.0 0.0 
0.0 0.0 0.0 0.0 0.0 
0.0 0.0 0.0 0.0 0.0 
189.7755742409852 255.2959756722219 136.96762408014376 195.3376531237334 187.42763146344095 
186.34413473921904 219.64337800763025 188.2784768387953 190.07260332063962 196.75356493218086 
0.0 0.0 0.0 0.0 0.0 
0.0 0.0 0.0 0.0 0.0 
0.0 0.0 0.0 0.0 0.0 
0.0 0.0 0.0 0.0 0.0 
0.0 0.0 0.0 0.0 0.0 
277.2590099788156 255.27031660605806 268.88316829145356 255.17489672341844 252.9493094989449 
365.7797405497523 642.0350268851671 284.7551977995488 467.7591332353852 537.2272844469662 
332.6562918092318 567.979138302126 463.83249042613005 521.9426120749409 533.0498939628397 
0.0 0.0 0.0 0.0 0.0 
0.0 0.0 0.0 0.0 0.0 
0.0 0.0 0.0 0.0 0.0 
0.0 0.0 0.0 0.0 0.0 
0.0 0.0 0.0 0.0 0.0 
690.7088282459788 813.331531088498 695.1255801326537 679.1066715258748 720.5738910853468 
0.0 40.49804682901456 0.0 3.222563686548189 5.5992044053774785 
0.0 225.1155295852311 340.31145047308286 262.9916033586594 296.0057741539023 
0.0 0.0 0.0 0.0 0.0 
0.0 0.0 0.0 0.0 0.0 
0.0 0.0 0.0 0.0 0.0 
0.0 0.0 0.0 0.0 0.0 
0.0 0.0 0.0 0.0 0.0 
0.0 104.32098812771306 306.83122991698804 293.80037180454053 294.44998740616245 
0.0 25.607849229125257 0.0 57.15565526561271 109.85790854880753 
0.0 225.95271803822962 0.0 237.94186079735246 233.24170376751127 
0.0 0.0 0.0 0.0 0.0 
0.0 0.0 0.0 0.0 0.0 
0.0 0.0 0.0 0.0 0.0 
0.0 0.0 0.0 0.0 0.0 
0.0 0.0 0.0 0.0 0.0 
0.0 156.2294353070345 0.0 0.0 114.31700692095393 
53.705635940638814 144.95380080472813 45.14981041757169 86.49269013942664 191.39057625336258 
108.35820722655552 239.09892627893564 354.4514523828384 239.55894279838478 244.92948113378299 
0.0 0.0 0.0 0.0 0.0 
0.0 0.0 0.0 0.0 0.0 
0.0 0.0 0.0 0.0 0.0 
0.0 0.0 0.0 0.0 0.0 
0.0 0.0 0.0 0.0 0.0 
216.34466606395526 208.61287100195705 231.72602998822637 208.77381296174244 207.89496740620004 
242.13002867246288 263.3716083852109 145.53905480376235 590.6525738431064 373.96345847722995 
560.9308597517198 601.4940345721891 595.906753129622 673.5256571694212 599.1236891343839 
0.0 0.0 0.0 0.0 0.0 
0.0 0.0 0.0 0.0 0.0 
0.0 0.0 0.0 0.0 0.0 
0.0 0.0 0.0 0.0 0.0 
0.0 0.0 0.0 0.0 0.0 
378.80216538163904 389.5037281268773 381.2904384734105 551.3668689550867 423.7761133533229 
38.099489736439146 112.58637765313897 0.0 14.283420610528504 43.45794286779709 
32.06646300731494 173.868579603926 41.51138433970235 183.06340345663472 169.79276615892587 
0.0 0.0 0.0 0.0 0.0 
0.0 0.0 0.0 0.0 0.0 
0.0 0.0 0.0 0.0 0.0 
0.0 0.0 0.0 0.0 0.0 
0.0 0.0 0.0 0.0 0.0 
177.2534321068145 182.82327302996302 182.82764002898497 191.8324742573539 181.14858594240624 
246.54540084897528 234.6863860187394 242.1347023105951 232.36023549667516 235.82719960391023 
298.2099003607121 276.9177245949607 280.2713459198623 276.16044194894664 276.42068560320064 
0.0 0.0 0.0 0.0 0.0 
0.0 0.0 0.0 0.0 0.0 
0.0 0.0 0.0 0.0 0.0 
0.0 0.0 0.0 0.0 0.0 
0.0 0.0 0.0 0.0 0.0 
262.78423984445817 249.67710944766273 256.2312267864456 248.25370690575897 242.24119754084333 
0.0 0.0 0.0 0.0 0.0 
0.0 0.0 0.0 0.0 0.0 
0.0 0.0 0.0 0.0 0.0 
0.0 0.0 0.0 0.0 0.0 
0.0 0.0 0.0 0.0 0.0 
0.0 0.0 0.0 0.0 0.0 
0.0 0.0 0.0 0.0 0.0 
0.0 0.0 0.0 0.0 0.0 
0.0 0.0 0.0 0.0 0.0 
238.37691957491606 268.23744742358525 241.84027113242036 237.48079709267813 241.97739709076865 
0.0 0.0 0.0 0.0 0.0 
0.0 0.0 0.0 0.0 0.0 
0.0 0.0 0.0 0.0 0.0 
0.0 0.0 0.0 0.0 0.0 
0.0 0.0 0.0 0.0 0.0 
0.0 0.0 0.0 0.0 0.0 
0.0 0.0 0.0 0.0 0.0 
239.64998641681518 0.0 231.16874127125925 264.10759780559766 260.57236826698613 
0.0 0.0 0.0 0.0 0.0 
0.0 0.0 0.0 0.0 0.0 
0.0 0.0 0.0 0.0 0.0 
0.0 0.0 0.0 0.0 0.0 
0.0 0.0 0.0 0.0 0.0 
0.0 0.0 0.0 0.0 0.0 
0.0 0.0 0.0 0.0 0.0 
327.70385987988044 308.08438824580986 326.96214252904593 320.271658813974 314.6777759950877 
0.0 0.0 0.0 0.0 0.0 
136.86830545525817 36.73947599445232 79.02659933139125 64.16164468859583 81.68575874683405 
0.0 0.0 0.0 0.0 0.0 
0.0 0.0 0.0 0.0 0.0 
0.0 0.0 0.0 0.0 0.0 
0.0 0.0 0.0 0.0 0.0 
0.0 0.0 0.0 0.0 0.0 
482.8052412423404 44.951141743188195 950.7505184856494 494.18442031205245 860.0558612649548 
0.0 0.0 0.0 0.0 0.0 
0.0 0.0 7.148725154416066 24.495125491868926 8.697088308381648 
0.0 0.0 0.0 0.0 0.0 
0.0 0.0 0.0 0.0 0.0 
0.0 0.0 0.0 0.0 0.0 
0.0 0.0 0.0 0.0 0.0 
0.0 0.0 0.0 0.0 0.0 
242.47201467115582 0.0 237.97255947784257 246.81888974180256 232.65794881559438 
0.0 0.0 0.0 0.0 0.0 
0.0 0.0 0.0 75.5030570277704 0.0 
0.0 0.0 0.0 0.0 0.0 
0.0 0.0 0.0 0.0 0.0 
0.0 0.0 0.0 0.0 0.0 
0.0 0.0 0.0 0.0 0.0 
0.0 0.0 0.0 0.0 0.0 
100.29867679266951 28.42533300434373 0.0 145.54701999151936 50.68236874674487 
0.0 0.0 0.0 0.0 0.0 
0.0 0.0 0.0 0.0 0.0 
0.0 0.0 0.0 0.0 0.0 
0.0 0.0 0.0 0.0 0.0 
0.0 0.0 0.0 0.0 0.0 
0.0 0.0 0.0 0.0 0.0 
0.0 0.0 0.0 0.0 0.0 
107.62245096849364 104.79227332540725 202.87845451997322 99.33109710718767 196.25248788752816 
11.165748765173516 0.0 90.5313811966317 0.0 19.00968727270791 
0.0 0.0 0.0 0.0 0.0 
0.0 0.0 0.0 0.0 0.0 
0.0 0.0 0.0 0.0 0.0 
0.0 0.0 0.0 0.0 0.0 
0.0 0.0 0.0 0.0 0.0 
0.0 0.0 0.0 0.0 0.0 
282.3224178011838 257.3806288266144 268.3417028664608 261.03920245519976 258.70089200939 
6.902341480635814 0.0 0.0 29.615725762512355 38.351670871614225 
185.93544939139187 126.775655870436 93.60464652432766 118.27200764316702 176.2035183183082 
0.0 0.0 0.0 0.0 0.0 
0.0 0.0 0.0 0.0 0.0 
0.0 0.0 0.0 0.0 0.0 
0.0 0.0 0.0 0.0 0.0 
0.0 0.0 0.0 0.0 0.0 
0.0 0.0 0.0 0.0 0.0 
0.0 0.0 0.0 0.0 0.0 
0.0 0.0 0.0 0.0 0.0 
0.0 0.0 0.0 0.0 0.0 
0.0 0.0 0.0 0.0 0.0 
0.0 0.0 0.0 0.0 0.0 
0.0 0.0 0.0 0.0 0.0 
0.0 0.0 0.0 0.0 0.0 
0.0 0.0 0.0 0.0 0.0 
0.0 0.0 0.0 0.0 0.0 
59.08188989501657 104.80291660534034 68.36811790528698 65.31985413769544 73.35969743629217 
0.0 50.21158415851295 0.0 0.0 0.0 
0.0 0.0 0.0 0.0 0.0 
0.0 0.0 0.0 0.0 0.0 
0.0 0.0 0.0 0.0 0.0 
0.0 0.0 0.0 0.0 0.0 
0.0 0.0 0.0 0.0 0.0 
0.0 0.0 0.0 0.0 0.0 
0.0 0.0 0.0 0.0 0.0 
0.0 0.0 0.0 56.95407559622886 0.0 
794.9241479532008 924.8821712920015 762.4333977714884 761.3881737880095 817.916625718749 
0.0 0.0 0.0 0.0 0.0 
0.0 0.0 0.0 0.0 0.0 
0.0 0.0 0.0 0.0 0.0 
0.0 0.0 0.0 0.0 0.0 
0.0 0.0 0.0 0.0 0.0 
71.0733681525402 124.98584269599266 48.23279758007984 84.8325014072465 109.9458690440938 
28.282372441523393 113.67562952138846 0.0 143.37112172769864 101.24481066385883 
227.0968563272957 215.71232368332085 229.79872525232696 222.9352215186227 206.97272247344142 
0.0 0.0 0.0 0.0 0.0 
0.0 0.0 0.0 0.0 0.0 
0.0 0.0 0.0 0.0 0.0 
0.0 0.0 0.0 0.0 0.0 
0.0 0.0 0.0 0.0 0.0 
0.0 0.0 0.0 0.0 0.0 
0.0 0.0 0.0 0.0 0.0 
205.0051825985908 204.6893987840485 187.59828293493263 218.73012852514984 217.5819936961858 
0.0 0.0 0.0 0.0 0.0 
0.0 0.0 0.0 0.0 0.0 
0.0 0.0 0.0 0.0 0.0 
0.0 0.0 0.0 0.0 0.0 
0.0 0.0 0.0 0.0 0.0 
0.0 49.06734399440492 0.0 0.0 8.95440373106128 
0.0 0.0 0.0 0.0 0.0 
164.607395416364 166.5907277317673 170.17373062277136 181.4465527464824 170.61300424688935 
0.0 0.0 0.0 0.0 0.0 
0.0 0.0 0.0 0.0 0.0 
0.0 0.0 0.0 0.0 0.0 
0.0 0.0 0.0 0.0 0.0 
0.0 0.0 0.0 0.0 0.0 
0.0 0.0 0.0 0.0 0.0 
0.0 0.0 0.0 0.0 0.0 
0.0 0.0 0.0 0.0 0.0 
0.0 0.0 0.0 0.0 0.0 
0.0 0.0 0.0 0.0 0.0 
0.0 0.0 0.0 0.0 0.0 
0.0 0.0 0.0 0.0 0.0 
0.0 0.0 0.0 0.0 0.0 
0.0 0.0 0.0 0.0 0.0 
0.0 0.0 0.0 0.0 0.0 
0.0 0.0 0.0 0.0 0.0 
0.0 0.0 0.0 0.0 0.0 
0.0 0.0 0.0 0.0 0.0 
0.0 0.0 0.0 0.0 0.0 
0.0 0.0 0.0 0.0 0.0 
0.0 0.0 0.0 0.0 0.0 
169.67245340479812 163.8422252104162 159.52840562602572 178.08183260779356 168.146737585293 
85.4774588220875 267.98049419638147 94.55278527715318 130.0190608757563 204.00188853292687 
209.7343537082548 263.0117554740717 241.46113379383183 295.2982683626803 263.8248944875008 
0.0 0.0 0.0 0.0 0.0 
0.0 0.0 0.0 0.0 0.0 
0.0 0.0 0.0 0.0 0.0 
0.0 0.0 0.0 0.0 0.0 
0.0 0.0 0.0 0.0 0.0 
0.0 0.0 0.0 0.0 0.0 
0.0 0.0 0.0 0.0 0.0 
190.01503995260745 177.38063214152533 111.00630724791304 174.97198241983534 180.76218742371228 
242.7173671771932 262.1026908088218 249.98985439770894 251.23856483165545 233.1281388606048 
259.4047312640058 262.8978193669752 254.39797064971216 275.4040735342068 249.5820536759748 
0.0 0.0 0.0 0.0 0.0 
0.0 0.0 0.0 0.0 0.0 
0.0 0.0 0.0 0.0 0.0 
0.0 0.0 0.0 0.0 0.0 
0.0 0.0 0.0 0.0 0.0 
0.0 44.67027268400274 28.366731683102515 0.0 121.16163602711796 
381.1808251818768 460.85381968457426 389.23202168208525 0.0 422.7349733866488 
259.5755546992217 276.8093583919615 261.747451890077 247.91623308608794 257.4594302062305 
0.0 0.0 0.0 0.0 0.0 
0.0 0.0 0.0 0.0 0.0 
0.0 0.0 0.0 0.0 0.0 
0.0 0.0 0.0 0.0 0.0 
0.0 0.0 0.0 0.0 0.0 
333.7217036593323 389.7798753361976 276.86443345262353 208.0773177745821 336.2435876833705 
540.397303137166 846.1993932992551 410.9134944983632 0.0 751.0215449731691 
256.3879108778619 256.38172097381835 257.01903649406074 237.29243600606708 240.78496542209322 
0.0 0.0 0.0 0.0 0.0 
0.0 0.0 0.0 0.0 0.0 
0.0 0.0 0.0 0.0 0.0 
0.0 0.0 0.0 0.0 0.0 
0.0 0.0 0.0 0.0 0.0 
389.7434446507965 358.12643821175715 385.630255581161 210.66667156014057 376.3288859542961 
374.04875243313916 375.4014567482917 363.5349940732446 195.21100983930017 355.79681082447627 
246.42659367926007 236.36160503296097 249.17564067786628 254.83204311629717 235.381989802138 
0.0 0.0 0.0 0.0 0.0 
0.0 0.0 0.0 0.0 0.0 
0.0 0.0 0.0 0.0 0.0 
0.0 0.0 0.0 0.0 0.0 
0.0 0.0 0.0 0.0 0.0 
0.0 0.0 0.0 0.0 0.0 
0.0 0.0 0.0 0.0 0.0 
0.0 0.0 0.0 0.0 0.0 
0.0 0.0 0.0 0.0 0.0 
0.0 0.0 0.0 0.0 0.0 
0.0 0.0 0.0 0.0 0.0 
0.0 0.0 0.0 0.0 0.0 
0.0 0.0 0.0 0.0 0.0 
194.0393921117976 310.65170289328 241.24153595930332 0.0 239.89586981451535 
314.7306232690945 293.53381506547294 315.8918765173902 107.99999874355348 298.76760704796425 
272.4721261629458 275.32561924825217 265.98869409500594 139.5222122613419 268.39974705981416 
0.0 0.0 0.0 0.0 0.0 
0.0 0.0 0.0 0.0 0.0 
0.0 0.0 0.0 0.0 0.0 
0.0 0.0 0.0 0.0 0.0 
0.0 0.0 0.0 0.0 0.0 
0.0 0.0 0.0 0.0 0.0 
0.0 0.0 0.0 0.0 0.0 
0.0 0.0 0.0 0.0 0.0 
0.0 0.0 0.0 0.0 0.0 
0.0 0.0 0.0 0.0 0.0 
0.0 0.0 0.0 0.0 0.0 
0.0 0.0 0.0 0.0 0.0 
0.0 0.0 0.0 0.0 0.0 
110.21857439730894 113.19543566876382 171.700253360012 120.72786223368054 117.06593248036764 
117.08685283420407 115.83878772043771 151.67800430917814 115.7642581948537 122.45544637553567 
178.56679210052366 183.4329311554938 194.1239037128321 187.49218885467988 179.32796900030093 
0.0 0.0 0.0 0.0 0.0 
0.0 0.0 0.0 0.0 0.0 
0.0 0.0 0.0 0.0 0.0 
0.0 0.0 0.0 0.0 0.0 
0.0 0.0 0.0 0.0 0.0 
248.76595299386656 293.6900442215326 307.6231528499833 233.9650031034276 290.4562543295993 
234.3245204690398 328.6439484821092 168.89508785712104 84.61264392775792 266.0598558899522 
250.49680524242092 255.8173325101908 245.5204064283279 246.69452600182194 238.75848032984274 
0.0 0.0 315.09197739341096 164.24329548949873 156.67057828344792 
0.0 0.0 0.0 0.0 0.0 
0.0 0.0 0.0 0.0 0.0 
0.0 0.0 0.0 0.0 0.0 
0.0 0.0 0.0 0.0 0.0 
0.0 0.0 0.0 0.0 0.0 
0.0 0.0 0.0 0.0 0.0 
0.0 0.0 821.524670791456 635.434341853572 746.1350722576274 
0.0 0.0 0.0 0.0 0.0 
0.0 0.0 381.5028283190626 256.05416434540706 332.09619577244007 
0.0 0.0 0.0 0.0 0.0 
0.0 0.0 0.0 0.0 0.0 
0.0 0.0 0.0 0.0 0.0 
0.0 0.0 0.0 0.0 0.0 
0.0 0.0 0.0 0.0 0.0 
0.0 0.0 355.9533264831037 336.29305826771076 353.9304006721338 
0.0 0.0 0.0 96.38976543540997 0.0 
30.478959147446762 152.79684723122259 123.15121136134819 181.54629640588277 171.12692479788402 
0.0 0.0 0.0 0.0 0.0 
0.0 0.0 0.0 0.0 0.0 
0.0 0.0 0.0 0.0 0.0 
0.0 0.0 0.0 0.0 0.0 
0.0 0.0 0.0 0.0 0.0 
0.0 0.0 618.0704620504678 500.23732201022955 556.2634130317806 
0.0 0.0 0.0 0.0 0.0 
0.0 0.0 281.50729109320554 248.377873665381 253.5448486234231 
0.0 0.0 0.0 0.0 0.0 
0.0 0.0 0.0 0.0 0.0 
0.0 0.0 0.0 0.0 0.0 
0.0 0.0 0.0 0.0 0.0 
0.0 0.0 0.0 0.0 0.0 
0.0 0.0 387.8344576361026 198.94236891282003 364.6874446283821 
0.0 0.0 0.0 0.0 0.0 
0.0 0.0 927.6445712989403 749.6286987430119 834.8750352600291 
0.0 0.0 0.0 0.0 0.0 
0.0 0.0 0.0 0.0 0.0 
0.0 0.0 0.0 0.0 0.0 
0.0 0.0 0.0 0.0 0.0 
0.0 0.0 0.0 0.0 0.0 
0.0 0.0 249.51072628013264 190.0578359597983 199.84220334666117 
0.0 0.0 288.939374719689 266.2587335055249 273.0207625984224 
0.0 0.0 736.0043427239541 840.532736805545 756.480203116444 
0.0 0.0 0.0 0.0 0.0 
0.0 0.0 0.0 0.0 0.0 
0.0 0.0 0.0 0.0 0.0 
0.0 0.0 0.0 0.0 0.0 
0.0 0.0 0.0 0.0 0.0 
0.0 176.95392163419945 357.93012503395005 322.51894330627744 350.23944687545827 
0.0 0.0 157.23517622048544 493.5117097036318 414.9632696122362 
0.0 0.0 0.0 0.0 0.0 
0.0 0.0 0.0 0.0 0.0 
0.0 0.0 0.0 0.0 0.0 
0.0 0.0 0.0 0.0 0.0 
0.0 0.0 0.0 0.0 0.0 
0.0 0.0 0.0 0.0 0.0 
434.99523465739986 531.06548152701 527.1327289101488 609.4463847355657 529.5857093003309 
0.0 19.27423654254572 250.86849210930671 247.0476932823914 217.69110853150738 
0.0 0.0 0.0 0.0 0.0 
0.0 0.0 0.0 0.0 0.0 
0.0 0.0 0.0 0.0 0.0 
0.0 0.0 0.0 0.0 0.0 
0.0 0.0 0.0 0.0 0.0 
0.0 0.0 0.0 0.0 0.0 
156.75856516240384 185.43368409525732 182.52268718631922 175.46664704714095 174.80297257897877 
117.01620751217591 22.878670504695357 308.6775790904601 159.0728787425459 244.26524105259895 
53.2681498223997 58.91597865633493 205.67822668807565 122.28728802247828 161.55721935217917 
139.2702633033896 108.83189782924245 134.57625812478958 258.3272280158799 215.21678143414601 
161.28003373919591 172.7861259633113 189.9939475237288 169.7460182614446 178.67440212401078 
0.0 0.0 0.0 0.0 0.0 
0.0 0.0 0.0 0.0 0.0 
0.0 0.0 0.0 0.0 0.0 
132.97242689156042 161.03593026553983 239.22193512882387 159.89662665822607 193.9568140832995 
0.0 0.0 0.0 0.0 0.0 
0.0 0.0 0.0 0.0 0.0 
0.0 0.0 0.0 0.0 0.0 
0.0 0.0 0.0 0.0 0.0 
0.0 0.0 0.0 0.0 0.0 
0.0 0.0 0.0 0.0 0.0 
0.0 0.0 0.0 0.0 0.0 
0.0 0.0 0.0 0.0 0.0 
0.0 0.0 0.0 0.0 0.0 
0.0 0.0 0.0 0.0 0.0 
0.0 0.0 0.0 0.0 0.0 
0.0 0.0 0.0 0.0 0.0 
0.0 0.0 0.0 0.0 0.0 
0.0 0.0 0.0 0.0 0.0 
0.0 0.0 0.0 0.0 0.0 
0.0 0.0 0.0 0.0 0.0 
0.0 0.0 0.0 0.0 0.0 
0.0 0.0 0.0 0.0 0.0 
0.0 0.0 0.0 0.0 0.0 
0.0 0.0 0.0 0.0 0.0 
0.0 0.0 0.0 0.0 0.0 
0.0 0.0 0.0 0.0 0.0 
0.0 0.0 0.0 0.0 0.0 
0.0 0.0 0.0 0.0 0.0 
0.0 0.0 0.0 0.0 0.0 
234.44018023402435 137.32072782763643 78.51138715391055 256.9510297951581 156.22239555659687 
0.0 0.0 0.0 257.6068007047993 170.83969286103428 
32.96653763275933 15.549990340116434 0.0 26.412693113278284 49.47513898616644 
20.872106189886054 32.61203143270056 0.0 14.274533656629503 135.48864547231128 
321.38319833550855 180.1703760095033 0.0 283.03424257720883 286.5928044032985 
0.0 0.0 0.0 0.0 0.0 
0.0 0.0 0.0 0.0 0.0 
0.0 0.0 0.0 0.0 0.0 
414.04745244320145 0.0 0.0 438.2288370115473 394.4059533103879 
0.0 0.0 0.0 0.0 0.0 
0.0 0.0 0.0 0.0 0.0 
0.0 0.0 0.0 0.0 0.0 
210.7290056582293 0.0 0.0 201.20541529418549 190.0232641703871 
0.0 0.0 0.0 0.0 0.0 
0.0 0.0 0.0 0.0 0.0 
0.0 0.0 0.0 0.0 0.0 
589.9802730515682 0.0 0.0 778.4064674345243 700.5668684193959 
0.0 0.0 0.0 0.0 0.0 
0.0 0.0 0.0 0.0 0.0 
0.0 0.0 0.0 0.0 0.0 
162.71334476481658 0.0 0.0 157.13991783137007 148.7563580316957 
0.0 0.0 0.0 0.0 0.0 
0.0 0.0 0.0 0.0 0.0 
0.0 0.0 0.0 0.0 0.0 
0.0 0.0 0.0 0.0 0.0 
0.0 0.0 0.0 0.0 0.0 
0.0 0.0 0.0 0.0 0.0 
0.0 0.0 0.0 0.0 0.0 
0.0 0.0 0.0 0.0 0.0 
0.0 0.0 0.0 0.0 0.0 
0.0 0.0 0.0 0.0 0.0 
0.0 0.0 0.0 0.0 0.0 
0.0 0.0 0.0 0.0 0.0 
0.0 0.0 0.0 0.0 0.0 
0.0 0.0 0.0 0.0 0.0 
0.0 0.0 0.0 0.0 0.0 
0.0 0.0 0.0 0.0 0.0 
0.0 0.0 0.0 0.0 0.0 
0.0 0.0 0.0 0.0 0.0 
0.0 0.0 0.0 0.0 0.0 
188.53231446672493 23.439614565254317 0.0 274.5284911823742 230.29915802792124 
0.0 0.0 12.903966005771846 0.0 77.79658600309561 
153.37144540419814 57.68950487042145 63.6154207014051 39.126005315220645 148.17862300101515 
0.0 0.0 0.0 0.0 0.0 
303.69906997064663 0.0 0.0 321.18653132867155 289.2362753168893 
0.0 0.0 0.0 0.0 0.0 
0.0 0.0 0.0 0.0 0.0 
0.0 0.0 0.0 0.0 0.0 
0.0 0.0 0.0 0.0 0.0 
0.0 0.0 0.0 0.0 0.0 
0.0 0.0 0.0 0.0 0.0 
0.0 0.0 0.0 0.0 0.0 
0.0 0.0 0.0 0.0 0.0 
0.0 0.0 0.0 0.0 0.0 
0.0 0.0 0.0 0.0 0.0 
0.0 0.0 0.0 0.0 0.0 
0.0 0.0 0.0 0.0 0.0 
0.0 0.0 0.0 0.0 0.0 
36.762727314634596 53.034281610455935 10.771794042300739 18.509183667999864 32.83189754816058 
0.0 0.0 0.0 0.0 0.0 
0.0 0.0 0.0 0.0 0.0 
0.0 0.0 0.0 0.0 0.0 
0.0 0.0 0.0 0.0 0.0 
0.0 0.0 0.0 0.0 0.0 
0.0 0.0 0.0 0.0 0.0 
0.0 0.0 0.0 0.0 0.0 
0.0 0.0 0.0 0.0 0.0 
0.0 0.0 0.0 0.0 0.0 
0.0 0.0 0.0 0.0 0.0 
0.0 0.0 0.0 0.0 0.0 
0.0 0.0 0.0 0.0 0.0 
0.0 0.0 0.0 0.0 0.0 
0.0 0.0 0.0 0.0 0.0 
0.0 0.0 0.0 0.0 0.0 
64.3715437291001 27.718017158245782 21.810102046342916 12.314308819314167 40.43296966480261 
209.33939459472623 239.28488276593134 64.41349998150896 0.0 192.95581705808007 
0.0 0.0 0.0 0.0 0.0 
0.0 0.0 0.0 0.0 0.0 
0.0 0.0 0.0 0.0 0.0 
0.0 0.0 0.0 0.0 0.0 
0.0 0.0 0.0 0.0 0.0 
0.0 0.0 0.0 0.0 0.0 
0.0 0.0 0.0 0.0 0.0 
154.20930716817185 153.84450308946882 0.0 0.0 144.86953548850153 
0.0 0.0 0.0 0.0 0.0 
0.0 0.0 0.0 0.0 0.0 
0.0 0.0 0.0 0.0 0.0 
0.0 0.0 0.0 0.0 0.0 
0.0 0.0 0.0 0.0 0.0 
0.0 0.0 0.0 0.0 0.0 
0.0 0.0 0.0 0.0 0.0 
0.0 0.0 0.0 0.0 0.0 
0.0 0.0 0.0 0.0 0.0 
0.0 0.0 0.0 0.0 0.0 
0.0 0.0 0.0 0.0 0.0 
0.0 0.0 0.0 0.0 0.0 
0.0 0.0 0.0 0.0 0.0 
0.0 0.0 0.0 0.0 0.0 
0.0 0.0 0.0 0.0 0.0 
0.0 0.0 0.0 0.0 0.0 
0.0 0.0 0.0 0.0 0.0 
0.0 0.0 0.0 0.0 0.0 
0.0 0.0 0.0 0.0 0.0 
0.0 0.0 0.0 0.0 0.0 
0.0 0.0 0.0 0.0 0.0 
0.0 0.0 0.0 0.0 0.0 
0.0 0.0 0.0 0.0 0.0 
0.0 0.0 0.0 0.0 0.0 
0.0 0.0 0.0 0.0 0.0 
0.0 0.0 0.0 0.0 0.0 
0.0 0.0 0.0 0.0 0.0 
0.0 0.0 0.0 0.0 0.0 
0.0 0.0 0.0 0.0 0.0 
0.0 0.0 0.0 0.0 0.0 
196.02110808890276 167.0113973433883 140.12572636584073 158.6457077641595 178.19729435392367 
371.40833289774145 299.8043044822852 0.0 0.0 302.2165783178895 
0.0 0.0 0.0 0.0 0.0 
0.0 0.0 0.0 0.0 0.0 
0.0 0.0 0.0 0.0 0.0 
25.087546127158635 180.37784092165114 23.75008279068025 107.06333403546722 146.86225239601268 
0.0 251.4609495522709 319.0822369300402 130.4946179500103 272.0008832602233 
0.0 0.0 0.0 0.0 0.0 
0.0 0.0 0.0 0.0 0.0 
0.0 0.0 0.0 0.0 0.0 
195.38188780034787 201.9431019680064 202.17721776244952 197.2901664045945 190.00102384478362 
210.15602368566547 222.5900041156 262.10081177192495 227.55950837344997 245.36075894749382 
288.37579712087415 286.08499581230694 284.9928640952215 291.0109755066448 270.53203759644185 
0.0 346.6490233625899 349.9258456612482 0.0 314.93694794110775 
0.0 177.2818405327102 406.76927750997976 0.0 375.43167724328543 
0.0 0.0 0.0 0.0 0.0 
0.0 0.0 0.0 0.0 0.0 
0.0 0.0 0.0 0.0 0.0 
0.0 0.0 0.0 0.0 0.0 
0.0 0.0 0.0 0.0 0.0 
0.0 719.1135145531673 617.0787695981674 0.0 627.4711001413166 
0.0 556.1399033214881 554.9901955137157 0.0 500.5258334170057 
184.67506800688648 177.99332709011523 174.6070670828777 190.23985977045643 173.458515349443 
0.0 0.0 0.0 0.0 0.0 
0.0 0.0 0.0 0.0 0.0 
0.0 0.0 0.0 0.0 0.0 
0.0 0.0 0.0 0.0 0.0 
546.1589274938852 648.3647924719917 194.47592623990818 555.7026361248422 473.45016651897424 
447.3661048495898 669.2419294161238 578.9724711966901 573.7526009418254 630.0164086227767 
0.0 189.92243473048984 202.5772811635968 0.0 182.31964880315655 
0.0 833.6388731198276 825.8524033695064 0.0 750.274985651025 
0.0 0.0 0.0 0.0 0.0 
0.0 0.0 0.0 0.0 0.0 
0.0 0.0 0.0 0.0 0.0 
0.0 0.0 0.0 0.0 0.0 
0.0 0.0 0.0 0.0 0.0 
0.0 0.0 0.0 0.0 0.0 
0.0 337.3274004558441 380.50390769773935 0.0 342.4370163805112 
0.0 760.8264267868963 929.0044213361648 0.0 836.1194933642662 
0.0 0.0 0.0 0.0 0.0 
0.0 0.0 0.0 0.0 0.0 
0.0 0.0 0.0 0.0 0.0 
0.0 0.0 0.0 0.0 0.0 
0.0 0.0 0.0 0.0 0.0 
0.0 0.0 0.0 0.0 0.0 
0.0 0.0 0.0 0.0 0.0 
0.0 276.5540198836013 258.9252348045612 0.0 251.99831302163744 
0.0 0.0 0.0 0.0 0.0 
0.0 0.0 0.0 0.0 0.0 
0.0 0.0 0.0 0.0 0.0 
0.0 0.0 0.0 0.0 0.0 
0.0 0.0 0.0 0.0 0.0 
0.0 317.08683533102214 261.7734667908897 0.0 275.2691000979923 
0.0 0.0 0.0 0.0 0.0 
0.0 0.0 0.0 0.0 0.0 
0.0 0.0 0.0 0.0 0.0 
0.0 0.0 0.0 0.0 0.0 
0.0 0.0 0.0 0.0 0.0 
0.0 0.0 0.0 0.0 0.0 
0.0 0.0 0.0 0.0 0.0 
0.0 0.0 0.0 0.0 0.0 
27.207996678191456 43.18467007021357 64.52870628217099 51.20089614256206 66.22493856155718 
0.0 220.53971001358963 244.34443814427559 0.0 193.06637368678028 
0.0 0.0 0.0 0.0 0.0 
0.0 0.0 0.0 0.0 0.0 
0.0 0.0 0.0 0.0 0.0 
114.04186602588797 140.02898829347484 102.67557674075496 108.68532271636931 112.44758437335418 
140.52860440482203 148.88455374072905 185.88740805199487 151.8783045779435 153.38557914890959 
128.94994890183088 171.65811463026446 144.72281864330415 137.5914909206574 153.06161769961153 
126.31810516418872 143.79840397088748 340.2593098247685 30.76043745304496 243.6056103847805 
159.8690280263401 144.6094188606017 251.67471759235082 175.45674620119956 219.49632221223155 
0.0 0.0 0.0 0.0 0.0 
0.0 0.0 0.0 0.0 0.0 
0.0 0.0 0.0 0.0 0.0 
16.79916385000767 226.29727072227257 25.998781696771122 55.54687934718875 104.98383069749163 
5.434173146160597 79.18550710409637 33.27421330924954 8.070660438158475 22.02196471490635 
0.0 121.2239922726236 170.29149686392532 30.109876750698323 112.12839532618426 
0.0 0.0 0.0 0.0 0.0 
0.0 0.0 0.0 0.0 0.0 
0.0 0.0 0.0 0.0 0.0 
0.0 0.0 0.0 0.0 0.0 
0.0 0.0 0.0 0.0 0.0 
0.0 0.0 0.0 0.0 0.0 
0.0 0.0 0.0 0.0 0.0 
0.0 0.0 0.0 0.0 0.0 
0.0 0.0 0.0 0.0 0.0 
0.0 0.0 0.0 0.0 0.0 
0.0 0.0 0.0 0.0 0.0 
0.0 0.0 0.0 0.0 0.0 
0.0 0.0 0.0 0.0 0.0 
0.0 0.0 0.0 0.0 0.0 
0.0 0.0 0.0 0.0 0.0 
0.0 0.0 0.0 0.0 0.0 
0.0 0.0 0.0 0.0 0.0 
0.0 0.0 0.0 0.0 0.0 
0.0 0.0 0.0 0.0 0.0 
0.0 0.0 0.0 0.0 0.0 
0.0 0.0 0.0 0.0 0.0 
0.0 0.0 0.0 0.0 0.0 
0.0 0.0 0.0 0.0 0.0 
0.0 0.0 0.0 0.0 0.0 
0.0 0.0 0.0 0.0 0.0 
0.0 0.0 0.0 0.0 0.0 
0.0 0.0 0.0 0.0 0.0 
0.0 0.0 0.0 0.0 0.0 
0.0 0.0 0.0 0.0 0.0 
0.0 0.0 0.0 0.0 0.0 
0.0 0.0 0.0 0.0 0.0 
0.0 0.0 0.0 0.0 0.0 
0.0 0.0 0.0 0.0 0.0 
0.0 0.0 0.0 0.0 0.0 
0.0 0.0 0.0 0.0 0.0 
0.0 0.0 0.0 0.0 0.0 
0.0 0.0 0.0 0.0 0.0 
0.0 0.0 0.0 0.0 0.0 
0.0 0.0 0.0 0.0 0.0 
0.0 0.0 0.0 0.0 0.0 
0.0 0.0 0.0 0.0 0.0 
0.0 0.0 0.0 0.0 0.0 
0.0 0.0 0.0 0.0 0.0 
0.0 0.0 0.0 0.0 0.0 
0.0 0.0 0.0 0.0 0.0 
0.0 0.0 0.0 0.0 0.0 
0.0 0.0 0.0 0.0 0.0 
0.0 0.0 0.0 0.0 0.0 
0.0 0.0 0.0 0.0 0.0 
0.0 0.0 0.0 0.0 0.0 
0.0 0.0 0.0 0.0 0.0 
0.0 0.0 0.0 0.0 0.0 
0.0 0.0 0.0 0.0 0.0 
0.0 0.0 0.0 0.0 0.0 
0.0 0.0 0.0 0.0 0.0 
0.0 0.0 0.0 0.0 0.0 
0.0 0.0 0.0 0.0 0.0 
0.0 0.0 0.0 0.0 0.0 
0.0 0.0 0.0 0.0 0.0 
0.0 0.0 0.0 0.0 0.0 
0.0 0.0 0.0 0.0 0.0 
0.0 0.0 0.0 0.0 0.0 
0.0 0.0 0.0 0.0 0.0 
0.0 0.0 0.0 0.0 0.0 
0.0 0.0 0.0 0.0 0.0 
0.0 0.0 0.0 0.0 0.0 
0.0 0.0 0.0 0.0 0.0 
0.0 0.0 0.0 0.0 0.0 
0.0 0.0 0.0 0.0 0.0 
0.0 0.0 0.0 0.0 0.0 
0.0 0.0 0.0 0.0 0.0 
0.0 0.0 0.0 0.0 0.0 
0.0 0.0 0.0 0.0 0.0 
0.0 0.0 0.0 0.0 0.0 
0.0 0.0 0.0 0.0 0.0 
0.0 0.0 0.0 0.0 0.0 
0.0 0.0 0.0 0.0 0.0 
0.0 0.0 0.0 0.0 0.0 
0.0 0.0 0.0 0.0 0.0 
0.0 0.0 0.0 0.0 0.0 
0.0 0.0 0.0 0.0 0.0 
0.0 0.0 0.0 0.0 0.0 
0.0 0.0 0.0 0.0 0.0 
0.0 0.0 0.0 0.0 0.0 
0.0 0.0 0.0 0.0 0.0 
0.0 0.0 0.0 0.0 0.0 
0.0 0.0 0.0 0.0 0.0 
0.0 0.0 0.0 0.0 0.0 
0.0 0.0 0.0 0.0 0.0 
0.0 0.0 0.0 0.0 0.0 
0.0 0.0 0.0 0.0 0.0 
0.0 0.0 0.0 0.0 0.0 
0.0 0.0 0.0 0.0 0.0 
0.0 0.0 0.0 0.0 0.0 
0.0 0.0 0.0 0.0 0.0 
0.0 0.0 0.0 0.0 0.0 
0.0 0.0 0.0 0.0 0.0 
0.0 0.0 0.0 0.0 0.0 
0.0 0.0 0.0 0.0 0.0 
0.0 0.0 0.0 0.0 0.0 
0.0 0.0 0.0 0.0 0.0 
0.0 0.0 0.0 0.0 0.0 
0.0 0.0 0.0 0.0 0.0 
0.0 0.0 0.0 0.0 0.0 
0.0 0.0 0.0 379.2537934830598 289.53783939438927 
0.0 0.0 0.0 0.0 0.0 
0.0 0.0 0.0 0.0 0.0 
0.0 0.0 0.0 0.0 0.0 
0.0 0.0 0.0 0.0 0.0 
0.0 0.0 0.0 274.2412563515213 252.0550236724723 
0.0 0.0 0.0 0.0 0.0 
0.0 0.0 0.0 0.0 0.0 
0.0 0.0 0.0 179.37023327390878 156.53068646990852 
0.0 0.0 0.0 0.0 0.0 
0.0 0.0 0.0 0.0 0.0 
0.0 0.0 0.0 0.0 0.0 
0.0 0.0 0.0 0.0 0.0 
152.0067649268929 148.70863275231855 156.01036360267068 168.477964886192 156.52166112437314 
0.0 0.0 0.0 0.0 0.0 
183.01360275486272 179.2682463465715 175.1348351345357 198.08288012454216 176.8937202058605 
0.0 0.0 0.0 0.0 0.0 
0.0 0.0 0.0 0.0 0.0 
0.0 0.0 0.0 0.0 0.0 
0.0 0.0 0.0 0.0 0.0 
0.0 0.0 0.0 0.0 0.0 
0.0 0.0 0.0 0.0 0.0 
0.0 0.0 0.0 0.0 0.0 
0.0 0.0 0.0 0.0 0.0 
0.0 0.0 0.0 0.0 0.0 
0.0 0.0 0.0 0.0 0.0 
0.0 0.0 0.0 0.0 0.0 
0.0 0.0 0.0 0.0 0.0 
0.0 0.0 0.0 0.0 0.0 
0.0 0.0 0.0 0.0 0.0 
0.0 0.0 0.0 0.0 0.0 
0.0 0.0 0.0 0.0 0.0 
0.0 0.0 0.0 219.5925070710028 185.36274843897976 
0.0 0.0 0.0 0.0 0.0 
0.0 0.0 0.0 0.0 0.0 
0.0 0.0 0.0 0.0 0.0 
47.64803966907026 0.0 45.60978930626882 44.118898846382145 43.22891997282497 
165.44530035212853 147.50036359771352 135.599914671233 263.79353884936694 234.06294693123914 
0.0 0.0 0.0 0.0 0.0 
107.04210248792315 164.19829873257657 117.87370866528705 244.18571053950294 225.42890953816328 
0.0 0.0 0.0 0.0 0.0 
0.0 0.0 0.0 0.0 0.0 
0.0 0.0 0.0 0.0 0.0 
0.0 0.0 0.0 0.0 0.0 
0.0 0.0 0.0 0.0 0.0 
0.0 0.0 0.0 0.0 0.0 
0.0 0.0 0.0 0.0 0.0 
0.0 0.0 0.0 0.0 0.0 
0.0 0.0 0.0 0.0 0.0 
0.0 0.0 0.0 0.0 0.0 
0.0 0.0 0.0 0.0 0.0 
0.0 0.0 0.0 0.0 0.0 
0.0 0.0 0.0 0.0 0.0 
0.0 0.0 0.0 0.0 0.0 
0.0 0.0 0.0 0.0 0.0 
0.0 0.0 0.0 0.0 0.0 
0.0 0.0 0.0 0.0 0.0 
0.0 0.0 0.0 0.0 0.0 
0.0 0.0 0.0 0.0 0.0 
0.0 0.0 0.0 0.0 0.0 
0.0 0.0 0.0 0.0 0.0 
0.0 0.0 0.0 0.0 0.0 
0.0 0.0 0.0 0.0 0.0 
0.0 0.0 0.0 0.0 0.0 
0.0 0.0 0.0 0.0 0.0 
0.0 0.0 0.0 0.0 0.0 
0.0 0.0 0.0 0.0 0.0 
0.0 0.0 0.0 0.0 0.0 
0.0 0.0 0.0 0.0 0.0 
0.0 0.0 0.0 0.0 0.0 
0.0 0.0 0.0 0.0 0.0 
0.0 0.0 0.0 0.0 0.0 
0.0 0.0 0.0 0.0 0.0 
0.0 0.0 0.0 0.0 0.0 
0.0 0.0 0.0 0.0 0.0 
0.0 0.0 0.0 0.0 0.0 
0.0 0.0 0.0 0.0 0.0 
0.0 0.0 0.0 0.0 0.0 
0.0 0.0 0.0 0.0 0.0 
0.0 0.0 0.0 0.0 0.0 
0.0 0.0 0.0 0.0 0.0 
0.0 0.0 0.0 0.0 0.0 
0.0 0.0 0.0 0.0 0.0 
0.0 0.0 0.0 0.0 0.0 
0.0 0.0 0.0 0.0 0.0 
0.0 0.0 0.0 0.0 0.0 
0.0 0.0 0.0 0.0 0.0 
0.0 0.0 0.0 0.0 0.0 
0.0 0.0 0.0 0.0 0.0 
0.0 0.0 0.0 0.0 0.0 
0.0 0.0 0.0 0.0 0.0 
0.0 0.0 0.0 0.0 0.0 
0.0 0.0 0.0 0.0 0.0 
0.0 0.0 0.0 0.0 0.0 
0.0 0.0 0.0 0.0 0.0 
0.0 0.0 0.0 0.0 0.0 
0.0 0.0 0.0 0.0 0.0 
0.0 0.0 0.0 0.0 0.0 
0.0 0.0 0.0 0.0 0.0 
0.0 0.0 0.0 0.0 0.0 
0.0 0.0 0.0 0.0 0.0 
0.0 0.0 0.0 0.0 0.0 
0.0 0.0 0.0 0.0 0.0 
0.0 0.0 0.0 0.0 0.0 
0.0 0.0 0.0 0.0 0.0 
0.0 0.0 0.0 0.0 0.0 
0.0 0.0 0.0 0.0 0.0 
0.0 0.0 0.0 0.0 0.0 
0.0 0.0 0.0 0.0 0.0 
0.0 0.0 0.0 0.0 0.0 
0.0 0.0 0.0 0.0 0.0 
0.0 0.0 0.0 0.0 0.0 
0.0 0.0 0.0 0.0 0.0 
0.0 0.0 0.0 0.0 0.0 
0.0 0.0 0.0 0.0 0.0 
0.0 0.0 0.0 0.0 0.0 
0.0 0.0 0.0 0.0 0.0 
0.0 0.0 0.0 0.0 0.0 
0.0 0.0 0.0 0.0 0.0 
0.0 0.0 0.0 0.0 0.0 
133.42363820894315 216.32398923127784 164.51622775436223 20.269981981074128 190.68284155224973 
164.6114238175307 191.83462044925724 160.20054281905016 162.9504249700096 166.7211491173785 
0.0 0.0 0.0 0.0 0.0 
0.0 0.0 0.0 0.0 0.0 
0.0 0.0 0.0 0.0 0.0 
0.0 0.0 0.0 0.0 0.0 
0.0 0.0 0.0 0.0 0.0 
0.0 0.0 0.0 0.0 0.0 
0.0 0.0 0.0 0.0 0.0 
0.0 0.0 0.0 0.0 0.0 
0.0 0.0 0.0 0.0 0.0 
0.0 0.0 0.0 0.0 0.0 
0.0 0.0 0.0 0.0 0.0 
0.0 0.0 0.0 0.0 0.0 
0.0 0.0 0.0 0.0 0.0 
0.0 0.0 0.0 0.0 0.0 
0.0 0.0 0.0 0.0 0.0 
0.0 0.0 0.0 0.0 0.0 
0.0 0.0 0.0 0.0 0.0 
0.0 0.0 0.0 0.0 0.0 
0.0 0.0 0.0 0.0 0.0 
0.0 0.0 0.0 0.0 0.0 
0.0 0.0 0.0 0.0 0.0 
0.0 0.0 0.0 0.0 0.0 
0.0 0.0 0.0 0.0 0.0 
0.0 0.0 0.0 0.0 0.0 
0.0 0.0 0.0 0.0 0.0 
0.0 0.0 0.0 0.0 0.0 
0.0 0.0 0.0 0.0 0.0 
0.0 0.0 0.0 0.0 0.0 
0.0 0.0 0.0 0.0 0.0 
0.0 0.0 0.0 0.0 0.0 
0.0 0.0 0.0 0.0 0.0 
0.0 0.0 0.0 0.0 0.0 
0.0 0.0 0.0 0.0 0.0 
0.0 0.0 0.0 0.0 0.0 
0.0 0.0 0.0 0.0 0.0 
0.0 0.0 0.0 0.0 0.0 
0.0 0.0 0.0 0.0 0.0 
0.0 0.0 0.0 0.0 0.0 
0.0 0.0 0.0 0.0 0.0 
0.0 0.0 0.0 0.0 0.0 
0.0 0.0 0.0 0.0 0.0 
0.0 0.0 0.0 0.0 0.0 
0.0 0.0 0.0 0.0 0.0 
0.0 0.0 0.0 0.0 0.0 
0.0 0.0 0.0 0.0 0.0 
0.0 0.0 0.0 0.0 0.0 
0.0 0.0 0.0 0.0 0.0 
0.0 0.0 0.0 0.0 0.0 
0.0 0.0 0.0 0.0 0.0 
0.0 0.0 0.0 0.0 0.0 
0.0 0.0 0.0 0.0 0.0 
0.0 0.0 0.0 0.0 0.0 
0.0 0.0 0.0 0.0 0.0 
0.0 0.0 0.0 0.0 0.0 
128.7722308608381 257.48741164039825 92.25493517504353 90.12008230435171 235.2252744094393 
242.06280191138023 264.27640365537354 239.16059416104247 246.83649116323915 248.29986013815355 
0.0 0.0 0.0 0.0 0.0 
0.0 0.0 0.0 0.0 0.0 
0.0 0.0 0.0 0.0 0.0 
0.0 0.0 0.0 0.0 0.0 
0.0 0.0 0.0 0.0 0.0 
0.0 0.0 0.0 0.0 0.0 
