644.3849181780461 602.9644441333568 615.9290674389628 611.8427008929806 737.1763880762385 
454.50142992423 496.8164034032448 483.138415488465 596.2431631907074 534.9246386692031 
136.29795142061215 155.79661215548964 78.92354502168703 378.1288743958138 259.4608361367902 
116.29594286426962 23.851529421051232 -82.86423222014727 52.58323115307357 86.13150467051462 
65.74244751248456 49.45815964884579 4.196923176788136 75.79442374074874 175.52518902684858 
671.5999967290311 565.1685562307496 223.54119364968324 512.8437102466598 599.5017952539796 
772.2981270936825 804.6778645149841 925.3982190356714 816.8065335310346 835.6434714897666 
1028.7883801354776 998.668555177864 973.7162907141488 983.9128424658492 996.409476159569 
558.6574021328354 698.8973851878187 582.2261364045291 614.9510888260329 627.7680314794699 
544.2723034699143 559.3531718967957 549.910888610979 539.8064064369049 556.2717008455792 
460.3353616670343 466.354987969067 474.03918535361544 459.10281101856975 450.63105092010073 
516.4560588500156 385.61382295846596 482.7191785762384 455.210288340111 478.4208190317639 
434.512925354975 514.9580945242556 456.15507768461055 468.94480223451063 491.5826851149094 
664.7306749671167 613.2413321013457 617.8520973910287 607.5668280908012 627.4547346050068 
732.20798322233 666.3942006424116 653.684879872012 667.7494655963798 667.7953544075164 
772.188065284867 723.4362733733459 741.5175078735484 723.5753854290283 747.5892641825908 
503.06624961203306 545.5683412823366 531.3148216422074 568.6971015651621 642.1462216073525 
423.25469135065737 516.106709260541 551.2051268685999 473.27525970736343 493.37364830966266 
263.66267583485086 404.40763873105413 364.89690087378347 320.0596564768028 353.21735522117376 
531.0237016423554 469.75666916928304 511.9439673975712 540.1146394995872 467.83851237956117 
561.2816512894735 519.2503096365324 377.9119275829589 539.9562087281754 591.4480718771575 
733.9675548751817 829.2482087642283 757.5010645504547 781.6998894600645 771.7500339310524 
1022.3870428339956 1101.0090104049123 986.4718957342394 1025.2919100666275 1015.7980670903701 
695.016692703221 903.7609080568378 808.8395068488572 801.4979604872824 843.4937909451578 
200.96748055469146 290.79704498530003 302.5323708416022 159.72449524058175 332.210492468853 
237.163798797253 301.6239760822095 240.73810705325388 240.43476507548064 347.0883215576063 
222.88884931650304 354.289731756087 403.46677615082797 299.54653933646784 417.6839488635056 
205.8971937129167 132.2967666242863 392.040162085375 142.54421291785158 280.9399363267184 
205.67092476263468 239.79650000970054 202.08275256801028 221.5861468355916 317.3760176227289 
476.6174729490758 629.4592047864242 733.6020482439495 389.99403971255566 649.3310868451133 
343.8805538487211 425.9374253987925 412.1917967751198 481.14434899717145 433.1543108212902 
385.1831151486121 271.70070490292153 290.3624049241557 307.2706563406547 283.02647949719096 
379.8644121545591 470.0558333641033 0.0 106.78236052136354 487.6188845115123 
929.8503348294972 627.9229675322346 994.7360109770838 701.4210102388535 894.3222588004759 
0.0 300.34599600996376 457.9929862691381 383.3744396794351 359.32731248456605 
12.17702175785588 25.89043336918927 0.0 24.815662649953154 93.20491273610443 
-36.049609065600386 188.1350919913652 677.8353242270002 167.71738420572484 180.18724379238748 
217.26742494652697 219.34405372976488 204.8031659278591 221.86675105029994 207.56368287183588 
286.71598224347434 68.05233823455569 274.10642070717563 381.29296655808764 289.16891676037653 
291.92429864085966 372.9410964354785 576.6435843468367 316.8149737044623 383.68844785188594 
617.4173242467723 637.9744236211867 727.9762334595475 634.6797849964529 638.4311073560823 
693.6031493518161 754.5249564560363 889.1884614259977 780.7573065054866 784.892206756579 
596.3719751959302 618.1654413709699 792.051087425742 644.4215015107843 751.4246632732743 
615.8363044754288 631.9324941035338 668.6290506104538 597.4558273633749 631.4604502814611 
579.2228495542961 477.8478162331882 438.32565887241003 572.8075887133091 592.5358934749587 
458.5682933857456 468.5046910179603 447.2765301866513 485.9834480327705 479.3117063396128 
501.2964678323311 511.67867005276247 595.1156940784233 520.5381263984136 516.4361884797545 
563.5233158918392 562.2413356573854 663.8068077662795 568.6828814373388 604.2279249922926 
819.2431465848204 918.6970681830852 900.3999759408141 1014.936161788562 945.7298041124018 
1028.717567092567 1100.6259955583985 967.6654633788818 1267.7106348766845 1178.653791876872 
788.9282554583938 809.8017893238472 554.9825560639872 1017.6730935130116 856.0219924973866 
0.0 0.0 0.0 0.0 0.0 
44.93911000904753 2.8819171816658473 12.895643776759552 0.0 2.9001036683602948 
291.78898706029736 326.922038133007 438.70063694000265 164.65855933805537 348.83904433279446 
843.8003925778916 847.9581631226931 756.0862729036901 895.0669891792853 844.7674700949725 
815.7223145883538 842.7009980396215 846.8916015616105 875.7061609797513 839.8391984998697 
469.1626772070509 508.596915290087 509.03925683535414 492.7689843603942 499.792471756989 
220.3807745736719 443.022304909399 295.02183000297924 277.4699220841856 274.33506618780507 
12.31600749556184 0.0 0.0 178.93936245081395 104.75241942442074 
0.0 0.0 0.0 0.0 0.0 
180.15099851039076 145.951073473454 99.0895075664461 141.97280145507727 248.27844157263266 
398.460235846934 455.27048670922403 514.1189558405954 402.636717906452 476.6560242551453 
503.61288454800297 521.0586486514934 505.643708016796 509.06988972253765 505.8076256190267 
540.8324576477461 558.8955322417106 527.835011812272 605.5451845189056 555.3954129819946 
694.7244321194265 683.5333063202022 693.6739030779446 682.8098564917708 664.3904414719939 
530.5323540045163 644.052402085918 523.6491177479364 547.9751548091573 595.7171127342718 
566.988385145554 802.8976188680838 589.0392565447117 759.416767035522 735.8936442693446 
349.1809967818823 485.8825507461659 339.21952973286875 334.48913630418065 364.6252787477762 
693.4312089456981 809.4036488972386 870.4544914748426 721.5749862140349 791.5331525668586 
798.2195349984887 799.4598643573111 837.5215149105672 801.991767790607 788.4666296304293 
804.6262210271213 829.2409810912753 796.7491325878752 791.2037486989851 787.840714759829 
659.4852719552956 660.1873036577166 659.757495989665 660.2341744053796 637.0091787779342 
0.0 0.0 0.0 0.0 0.0 
0.0 0.0 0.0 0.0 0.0 
0.0 0.0 0.0 0.0 0.0 
0.0 0.0 0.0 0.0 0.0 
0.0 0.0 0.0 0.0 0.0 
0.0 0.0 0.0 0.0 0.0 
0.0 0.0 0.0 0.0 0.0 
0.0 0.0 0.0 0.0 0.0 
377.8692436201894 535.3892866576415 269.8356140841325 469.1835514614985 501.7856461956703 
442.2763155731854 539.7612666558285 396.628774169616 457.20205513718764 478.93627578856047 
0.0 0.0 0.0 0.0 0.0 
0.0 0.0 0.0 0.0 0.0 
0.0 0.0 0.0 0.0 0.0 
0.0 0.0 0.0 0.0 0.0 
0.0 0.0 0.0 0.0 0.0 
633.0241303719181 719.9691327870183 641.4179119950376 648.3753606479081 651.659293917378 
491.47818565894124 704.3839936692779 284.7551977995488 550.0747251557884 749.2298918345173 
538.2321963549895 834.1858744314923 667.9382534463774 737.3139591431216 754.8107713284564 
0.0 0.0 0.0 0.0 0.0 
0.0 0.0 0.0 0.0 0.0 
0.0 0.0 0.0 0.0 0.0 
0.0 0.0 0.0 0.0 0.0 
0.0 0.0 0.0 0.0 0.0 
913.3612191678242 991.3773897959795 915.9190053397552 909.0539082447193 919.6156795239638 
0.0 40.49804682901456 0.0 3.222563686548189 5.5992044053774785 
0.0 269.8436506851952 369.08857628446754 298.4784317443309 324.8505887689284 
0.0 0.0 0.0 0.0 0.0 
0.0 0.0 0.0 0.0 0.0 
0.0 0.0 0.0 0.0 0.0 
0.0 0.0 0.0 0.0 0.0 
0.0 0.0 0.0 0.0 0.0 
0.0 104.32098812771306 306.83122991698804 293.80037180454053 294.44998740616245 
0.0 25.607849229125257 0.0 57.15565526561271 109.85790854880753 
0.0 235.33041122644727 0.0 289.8764683489375 263.50085923086556 
0.0 0.0 0.0 0.0 0.0 
0.0 0.0 0.0 0.0 0.0 
0.0 0.0 0.0 0.0 0.0 
0.0 0.0 0.0 0.0 0.0 
0.0 0.0 0.0 0.0 0.0 
0.0 156.2294353070345 0.0 0.0 114.31700692095393 
113.89294227979559 334.1769478834014 106.59305301168763 343.4674965296549 425.72166524612646 
467.6528651453281 475.70144324559715 566.9532665386758 493.9052110448175 504.9609434891548 
0.0 0.0 0.0 0.0 0.0 
0.0 0.0 0.0 0.0 0.0 
0.0 0.0 0.0 0.0 0.0 
0.0 0.0 0.0 0.0 0.0 
0.0 0.0 0.0 0.0 0.0 
467.60777779417447 472.8021191735983 508.69571937176795 475.7331850931921 468.36822895684065 
583.4333090272905 630.5789959815702 646.9254252636805 799.2041695008529 761.5795760847906 
897.0169456219545 919.1565577423476 916.8148314140478 1006.5620705047813 938.6011765604405 
0.0 0.0 0.0 0.0 0.0 
0.0 0.0 0.0 0.0 0.0 
0.0 0.0 0.0 0.0 0.0 
0.0 0.0 0.0 0.0 0.0 
0.0 0.0 0.0 0.0 0.0 
626.5211360749234 672.7176479482027 549.7541662974693 895.5091457272251 725.0588237737792 
38.099489736439146 269.40308685520995 0.0 52.279612256109445 202.98511342057665 
32.06646300731494 173.868579603926 41.51138433970235 183.06340345663472 169.79276615892587 
0.0 0.0 0.0 0.0 0.0 
0.0 0.0 0.0 0.0 0.0 
0.0 0.0 0.0 0.0 0.0 
0.0 0.0 0.0 0.0 0.0 
0.0 0.0 0.0 0.0 0.0 
490.3261675414676 484.9842903763065 484.7003264885875 515.9590627067862 478.4172833147867 
324.75133471335545 651.2843514051061 478.87941422537085 604.4774623377209 626.9747916339337 
519.640406330619 512.1901380634737 521.6403788958556 500.53300796072773 510.9989582752789 
0.0 0.0 0.0 0.0 0.0 
0.0 0.0 0.0 0.0 0.0 
0.0 0.0 0.0 0.0 0.0 
0.0 0.0 0.0 0.0 0.0 
0.0 0.0 0.0 0.0 0.0 
667.4401824456244 650.9863016787727 661.8965221348474 649.4720318000741 638.6300896311267 
0.0 0.0 0.0 0.0 0.0 
0.0 0.0 0.0 0.0 0.0 
0.0 0.0 0.0 0.0 0.0 
0.0 0.0 0.0 0.0 0.0 
0.0 0.0 0.0 0.0 0.0 
0.0 0.0 0.0 0.0 0.0 
0.0 0.0 0.0 0.0 0.0 
0.0 0.0 0.0 0.0 0.0 
0.0 0.0 0.0 0.0 0.0 
671.9970797625856 387.8033830873894 433.533557651867 408.41372757205625 514.4440213598693 
0.0 0.0 0.0 0.0 0.0 
405.2651156304222 144.05416548479252 0.0 277.8866495465728 211.57886432674326 
0.0 0.0 0.0 0.0 0.0 
0.0 0.0 0.0 0.0 0.0 
0.0 0.0 0.0 0.0 0.0 
0.0 0.0 0.0 0.0 0.0 
0.0 0.0 0.0 0.0 0.0 
261.32254110735744 0.0 252.78461379542347 288.75042649214413 259.3266964404932 
0.0 0.0 0.0 0.0 0.0 
0.0 0.0 0.0 0.0 0.0 
0.0 0.0 0.0 0.0 0.0 
0.0 0.0 0.0 0.0 0.0 
0.0 0.0 0.0 0.0 0.0 
0.0 0.0 0.0 0.0 0.0 
0.0 0.0 0.0 0.0 0.0 
319.23669027740596 308.08438824580986 657.9973632134773 450.9708937033594 623.8086741395723 
0.0 0.0 0.0 0.0 0.0 
164.381117549515 81.51647480471293 79.02659933139125 64.16164468859583 116.95398904229246 
0.0 0.0 0.0 0.0 0.0 
0.0 0.0 0.0 0.0 0.0 
0.0 0.0 0.0 0.0 0.0 
0.0 0.0 0.0 0.0 0.0 
0.0 0.0 0.0 0.0 0.0 
482.8052412423404 44.951141743188195 929.4414467412373 484.5693953659491 849.4129333087591 
0.0 0.0 0.0 0.0 0.0 
0.0 0.0 7.148725154416066 24.495125491868926 8.697088308381648 
0.0 0.0 0.0 0.0 0.0 
0.0 0.0 0.0 0.0 0.0 
0.0 0.0 0.0 0.0 0.0 
0.0 0.0 0.0 0.0 0.0 
0.0 0.0 0.0 0.0 0.0 
242.47201467115582 0.0 237.97255947784257 246.81888974180256 232.65794881559438 
0.0 0.0 0.0 0.0 0.0 
0.0 0.0 0.0 75.5030570277704 0.0 
0.0 0.0 0.0 0.0 0.0 
0.0 0.0 0.0 0.0 0.0 
0.0 0.0 0.0 0.0 0.0 
0.0 0.0 0.0 0.0 0.0 
0.0 0.0 0.0 0.0 0.0 
100.29867679266951 28.42533300434373 0.0 145.54701999151936 50.68236874674487 
0.0 0.0 0.0 0.0 0.0 
0.0 0.0 0.0 0.0 0.0 
0.0 0.0 0.0 0.0 0.0 
0.0 0.0 0.0 0.0 0.0 
0.0 0.0 0.0 0.0 0.0 
0.0 0.0 0.0 0.0 0.0 
0.0 0.0 0.0 0.0 0.0 
107.62245096849364 104.79227332540725 202.87845451997322 99.33109710718767 196.25248788752816 
11.165748765173516 0.0 170.20748812175148 0.0 42.45798097514018 
0.0 0.0 0.0 30.101684247880037 0.0 
0.0 0.0 0.0 0.0 0.0 
0.0 0.0 0.0 0.0 0.0 
0.0 0.0 0.0 0.0 0.0 
0.0 0.0 0.0 0.0 0.0 
0.0 0.0 0.0 0.0 0.0 
601.3125572169299 285.6584179658817 314.73400904504484 328.0241144630117 560.5908629041477 
6.902341480635814 0.0 11.119501282079186 29.615725762512355 202.54890233084853 
386.6682050144623 427.36773908123865 327.62062692067366 613.0385501596716 567.1522991798986 
0.0 0.0 0.0 0.0 0.0 
0.0 0.0 0.0 0.0 0.0 
0.0 0.0 0.0 0.0 0.0 
0.0 0.0 0.0 0.0 0.0 
0.0 0.0 0.0 0.0 0.0 
0.0 0.0 0.0 0.0 0.0 
0.0 0.0 0.0 0.0 0.0 
0.0 0.0 0.0 0.0 0.0 
0.0 0.0 0.0 0.0 0.0 
0.0 0.0 0.0 0.0 0.0 
0.0 0.0 0.0 0.0 0.0 
0.0 0.0 0.0 0.0 0.0 
0.0 0.0 0.0 0.0 0.0 
0.0 0.0 0.0 0.0 0.0 
0.0 0.0 0.0 0.0 0.0 
298.6270480599045 275.16380631981497 290.1453404776135 269.50491062814666 408.3439170564682 
0.0 50.21158415851295 0.0 0.0 0.0 
0.0 0.0 0.0 0.0 0.0 
0.0 0.0 0.0 0.0 0.0 
0.0 0.0 0.0 0.0 0.0 
0.0 0.0 0.0 0.0 0.0 
0.0 0.0 0.0 0.0 0.0 
0.0 0.0 0.0 0.0 0.0 
0.0 233.06114038355116 66.712298794176 484.83380971444956 223.06001360916167 
18.937230135746095 0.0 0.0 144.02208993286496 31.24642972398106 
995.403950909807 1070.8817572193109 1001.5836929641566 970.5507947028684 987.5034091547474 
0.0 0.0 0.0 0.0 0.0 
0.0 0.0 0.0 0.0 0.0 
0.0 0.0 0.0 0.0 0.0 
0.0 0.0 0.0 0.0 0.0 
0.0 0.0 0.0 0.0 0.0 
142.62075650596154 148.91134748329853 48.23279758007984 142.97709013315176 158.10589887910538 
112.19265712947998 205.40761571177944 94.05011986446529 168.6031031628686 195.9489304754013 
210.70845389403325 200.5587960918265 207.60014120635174 220.47031534128826 200.5329285938828 
0.0 0.0 0.0 0.0 0.0 
0.0 0.0 0.0 0.0 0.0 
0.0 0.0 0.0 0.0 0.0 
0.0 0.0 0.0 0.0 0.0 
0.0 0.0 0.0 0.0 0.0 
0.0 0.0 0.0 0.0 0.0 
0.0 0.0 0.0 0.0 0.0 
206.25793435976266 207.3468766720166 196.7777735637332 206.69892110661544 198.25906656170991 
0.0 0.0 0.0 0.0 0.0 
0.0 0.0 0.0 0.0 0.0 
0.0 0.0 0.0 0.0 0.0 
0.0 0.0 0.0 0.0 0.0 
0.0 0.0 0.0 0.0 0.0 
0.0 49.06734399440492 0.0 0.0 8.95440373106128 
0.0 0.0 0.0 143.4742150519404 0.0 
351.33472640102633 330.03682390777146 269.1641786562424 426.1068964978086 383.8519210825189 
0.0 0.0 0.0 0.0 0.0 
0.0 0.0 0.0 0.0 0.0 
0.0 0.0 0.0 0.0 0.0 
0.0 0.0 0.0 0.0 0.0 
0.0 0.0 0.0 0.0 0.0 
0.0 0.0 0.0 0.0 0.0 
0.0 0.0 0.0 0.0 0.0 
0.0 0.0 0.0 0.0 0.0 
0.0 0.0 0.0 0.0 0.0 
0.0 0.0 0.0 0.0 0.0 
0.0 0.0 0.0 0.0 0.0 
0.0 0.0 0.0 0.0 0.0 
0.0 0.0 0.0 0.0 0.0 
0.0 0.0 0.0 0.0 0.0 
0.0 0.0 0.0 0.0 0.0 
0.0 0.0 0.0 0.0 0.0 
0.0 0.0 0.0 0.0 0.0 
0.0 0.0 0.0 0.0 0.0 
0.0 0.0 0.0 0.0 0.0 
0.0 0.0 0.0 0.0 0.0 
0.0 0.0 0.0 0.0 0.0 
325.46600853441566 403.66396588049577 327.79974858550787 362.77771501162437 345.66617435561375 
191.82845961182255 268.0282878043554 264.54186015727294 247.9158122803062 254.50776350828608 
501.3267482640796 542.5809149527935 519.1007323574885 684.1373075979052 571.0279466670129 
0.0 0.0 0.0 0.0 0.0 
0.0 0.0 0.0 0.0 0.0 
0.0 0.0 0.0 0.0 0.0 
0.0 0.0 0.0 0.0 0.0 
0.0 0.0 0.0 0.0 0.0 
0.0 0.0 0.0 0.0 0.0 
0.0 0.0 0.0 0.0 0.0 
186.23674229791166 258.2996987807058 303.350529302498 185.8425221873918 187.2553369786459 
490.1330580172531 566.8853553610816 578.975859615501 635.0538702597912 625.2763190128852 
1215.382906449978 1034.85710403193 982.7551081456626 1043.3039246693634 1114.1264852866702 
0.0 0.0 0.0 0.0 0.0 
0.0 0.0 0.0 0.0 0.0 
0.0 0.0 0.0 0.0 0.0 
0.0 0.0 0.0 0.0 0.0 
0.0 0.0 0.0 0.0 0.0 
0.0 44.67027268400274 28.366731683102515 0.0 121.16163602711796 
279.68746584343717 454.7496830927622 277.25699561189845 0.0 368.8684654904598 
587.738526201161 545.801661658701 502.093798097321 480.47601412980697 525.6814678440497 
0.0 0.0 0.0 0.0 0.0 
0.0 0.0 0.0 0.0 0.0 
0.0 0.0 0.0 0.0 0.0 
0.0 0.0 0.0 0.0 0.0 
0.0 0.0 0.0 0.0 0.0 
289.09910797816076 278.76859736494964 316.1737193222185 208.0773177745821 255.00243017351175 
540.397303137166 835.0092210535346 410.9134944983632 0.0 756.4916999935655 
256.3879108778619 257.2274266833499 381.1043976480387 237.29243600606708 261.80635307837593 
0.0 0.0 0.0 0.0 0.0 
0.0 0.0 0.0 0.0 0.0 
0.0 0.0 0.0 0.0 0.0 
0.0 0.0 0.0 0.0 0.0 
0.0 0.0 0.0 0.0 0.0 
277.35016083052096 301.7057133181554 297.33096399093495 210.66667156014057 294.0030194464922 
238.25883756229632 255.29055127961237 256.7537814531865 195.21100983930017 235.12090221479528 
331.5620210379883 320.02169479557756 324.4102422819202 254.83204311629717 299.2769047182733 
0.0 0.0 0.0 0.0 0.0 
0.0 0.0 0.0 0.0 0.0 
0.0 0.0 0.0 0.0 0.0 
0.0 0.0 0.0 0.0 0.0 
0.0 0.0 0.0 0.0 0.0 
0.0 0.0 0.0 0.0 0.0 
0.0 0.0 0.0 0.0 0.0 
0.0 0.0 0.0 0.0 0.0 
0.0 0.0 0.0 0.0 0.0 
0.0 0.0 0.0 0.0 0.0 
0.0 0.0 0.0 0.0 0.0 
0.0 0.0 0.0 0.0 0.0 
0.0 0.0 0.0 0.0 0.0 
301.64378112694897 261.882391490245 579.848113457812 222.1652461179566 376.8173236846706 
281.1039919296139 440.21607323780853 466.67271335554256 107.99999874355348 429.92473789816347 
500.8524014146569 427.3789716591577 726.960140258621 616.8370346310178 628.4626250493659 
0.0 0.0 0.0 0.0 0.0 
0.0 0.0 0.0 0.0 0.0 
0.0 0.0 0.0 0.0 0.0 
0.0 0.0 0.0 0.0 0.0 
0.0 0.0 0.0 0.0 0.0 
0.0 0.0 0.0 0.0 0.0 
0.0 0.0 0.0 0.0 0.0 
0.0 0.0 0.0 0.0 0.0 
0.0 0.0 0.0 0.0 0.0 
0.0 0.0 0.0 0.0 0.0 
0.0 0.0 0.0 0.0 0.0 
0.0 0.0 0.0 0.0 0.0 
0.0 0.0 0.0 0.0 0.0 
394.851986776691 444.4639602638297 395.30509020925706 395.1227656433025 353.5214359804791 
370.8098581089165 403.8640889298429 372.1402053353292 363.79632829364283 375.982273308369 
458.19340019146676 465.6811076293028 517.3796900026643 466.7896974512933 464.33979938218494 
0.0 0.0 0.0 0.0 0.0 
0.0 0.0 0.0 0.0 0.0 
0.0 0.0 0.0 0.0 0.0 
0.0 0.0 0.0 0.0 0.0 
0.0 0.0 0.0 0.0 0.0 
264.3233346676667 468.70781203196134 248.44296396221716 238.05104242017575 299.02947155055625 
245.52700255529157 234.75387051575683 212.98879340662626 86.16816030896365 254.10857684791736 
462.24632050910316 476.4192855382205 643.8650092596729 498.7213766978895 585.4021610002114 
0.0 0.0 315.09197739341096 164.24329548949873 156.67057828344792 
0.0 0.0 0.0 0.0 0.0 
0.0 0.0 0.0 0.0 0.0 
0.0 0.0 0.0 0.0 0.0 
0.0 0.0 0.0 0.0 0.0 
0.0 0.0 0.0 0.0 0.0 
0.0 0.0 0.0 0.0 0.0 
0.0 0.0 821.524670791456 635.434341853572 746.1350722576274 
0.0 0.0 0.0 0.0 0.0 
0.0 0.0 328.31635317928425 266.0231075112424 296.087785324857 
0.0 0.0 0.0 0.0 0.0 
0.0 0.0 0.0 0.0 0.0 
0.0 0.0 0.0 0.0 0.0 
0.0 0.0 0.0 0.0 0.0 
0.0 0.0 0.0 0.0 0.0 
0.0 0.0 293.55080669511995 269.8919539771631 285.0683885706721 
0.0 0.0 0.0 120.34288371868689 0.0 
30.478959147446762 186.32153416142518 201.20187890541945 294.58168954731156 230.01961976890078 
0.0 0.0 43.967112702601156 296.89430857996206 0.0 
212.39174716881047 205.0821712769948 239.73875764727455 215.47372953071152 215.8594166047201 
0.0 0.0 0.0 0.0 0.0 
0.0 0.0 0.0 0.0 0.0 
0.0 0.0 0.0 0.0 0.0 
0.0 86.48568319978735 634.8709800788442 500.23732201022955 547.3496899909591 
0.0 0.0 0.0 0.0 0.0 
0.0 0.0 281.50729109320554 248.377873665381 253.5448486234231 
0.0 0.0 0.0 0.0 0.0 
0.0 0.0 0.0 0.0 0.0 
0.0 0.0 0.0 0.0 0.0 
0.0 0.0 0.0 0.0 0.0 
0.0 0.0 0.0 0.0 0.0 
0.0 0.0 400.98109973793686 340.82073980299987 371.6277356415037 
0.0 0.0 0.0 0.0 0.0 
0.0 0.0 927.6445712989403 749.6286987430119 834.8750352600291 
0.0 0.0 0.0 0.0 0.0 
0.0 0.0 0.0 0.0 0.0 
0.0 0.0 0.0 0.0 0.0 
0.0 0.0 0.0 0.0 0.0 
0.0 0.0 0.0 0.0 0.0 
0.0 0.0 363.0402783821356 190.0578359597983 305.04027875383963 
0.0 0.0 288.939374719689 266.2587335055249 273.0207625984224 
0.0 0.0 736.0043427239541 840.532736805545 756.480203116444 
0.0 0.0 0.0 0.0 0.0 
0.0 0.0 0.0 0.0 0.0 
0.0 0.0 0.0 0.0 0.0 
0.0 0.0 0.0 0.0 0.0 
0.0 0.0 0.0 0.0 0.0 
0.0 176.95392163419945 370.75898320124384 351.5700383975507 345.9166679646195 
0.0 0.0 157.23517622048544 493.5117097036318 414.9632696122362 
0.0 0.0 0.0 0.0 0.0 
0.0 0.0 0.0 0.0 0.0 
0.0 0.0 0.0 0.0 0.0 
0.0 0.0 0.0 0.0 0.0 
0.0 0.0 0.0 0.0 0.0 
0.0 0.0 0.0 0.0 0.0 
673.8967943695346 844.1151889420859 828.0617167079076 885.804761957306 850.2899914009311 
0.0 19.27423654254572 250.86849210930671 247.0476932823914 217.69110853150738 
0.0 0.0 0.0 0.0 0.0 
0.0 0.0 0.0 0.0 0.0 
0.0 0.0 0.0 0.0 0.0 
0.0 0.0 0.0 0.0 0.0 
0.0 0.0 0.0 0.0 0.0 
0.0 0.0 0.0 0.0 0.0 
427.22754332097367 430.687235485567 486.6056412108192 431.57097339047726 436.67954595383236 
117.01620751217591 22.878670504695357 221.13192716536082 190.93602427808904 198.99967986372314 
53.2681498223997 66.60788426720349 215.84430402732568 192.0371672607093 180.4638710209576 
139.2702633033896 108.83189782924245 208.31434034038148 258.3272280158799 222.02856705096605 
207.31486517235248 236.89274964975965 417.1303961978662 345.9454752431684 363.4668427360122 
0.0 0.0 0.0 0.0 0.0 
0.0 0.0 0.0 0.0 0.0 
0.0 0.0 0.0 0.0 0.0 
133.48878764138232 161.03593026553983 198.67947695394923 185.34081376053544 172.67411553145612 
0.0 0.0 0.0 0.0 0.0 
0.0 0.0 0.0 0.0 0.0 
0.0 0.0 0.0 0.0 0.0 
0.0 0.0 0.0 0.0 0.0 
0.0 0.0 0.0 0.0 0.0 
0.0 0.0 0.0 0.0 0.0 
0.0 0.0 0.0 0.0 0.0 
0.0 0.0 0.0 0.0 0.0 
0.0 0.0 0.0 0.0 0.0 
0.0 0.0 0.0 0.0 0.0 
0.0 0.0 0.0 0.0 0.0 
0.0 0.0 0.0 0.0 0.0 
0.0 0.0 0.0 0.0 0.0 
0.0 0.0 0.0 0.0 0.0 
0.0 0.0 0.0 0.0 0.0 
0.0 0.0 0.0 0.0 0.0 
0.0 0.0 0.0 0.0 0.0 
0.0 0.0 0.0 0.0 0.0 
0.0 0.0 0.0 0.0 0.0 
0.0 0.0 0.0 0.0 0.0 
0.0 0.0 0.0 0.0 0.0 
0.0 0.0 0.0 0.0 0.0 
0.0 0.0 0.0 0.0 0.0 
0.0 0.0 0.0 0.0 0.0 
0.0 0.0 0.0 0.0 0.0 
234.44018023402435 137.32072782763643 78.51138715391055 256.9510297951581 156.22239555659687 
0.0 0.0 0.0 257.6068007047993 170.83969286103428 
32.96653763275933 15.549990340116434 0.0 26.412693113278284 49.47513898616644 
20.872106189886054 32.61203143270056 0.0 14.274533656629503 135.48864547231128 
321.38319833550855 180.1703760095033 0.0 283.03424257720883 286.5928044032985 
0.0 0.0 0.0 0.0 0.0 
0.0 0.0 0.0 0.0 0.0 
0.0 0.0 0.0 0.0 0.0 
414.04745244320145 0.0 0.0 438.2288370115473 394.4059533103879 
0.0 0.0 0.0 0.0 0.0 
0.0 0.0 0.0 0.0 0.0 
0.0 0.0 0.0 0.0 0.0 
227.55781464440602 0.0 0.0 191.16525786971056 204.80209223284243 
0.0 0.0 0.0 0.0 0.0 
0.0 0.0 0.0 0.0 0.0 
0.0 0.0 0.0 0.0 0.0 
589.9802730515682 0.0 0.0 778.4064674345243 700.5668684193959 
0.0 0.0 0.0 0.0 0.0 
0.0 0.0 0.0 0.0 0.0 
0.0 0.0 0.0 0.0 0.0 
162.71334476481658 0.0 0.0 157.13991783137007 148.7563580316957 
0.0 0.0 0.0 0.0 0.0 
0.0 0.0 0.0 0.0 0.0 
0.0 0.0 0.0 0.0 0.0 
0.0 0.0 0.0 0.0 0.0 
0.0 0.0 0.0 0.0 0.0 
0.0 0.0 0.0 0.0 0.0 
0.0 0.0 0.0 0.0 0.0 
0.0 0.0 0.0 0.0 0.0 
0.0 0.0 0.0 0.0 0.0 
0.0 0.0 0.0 0.0 0.0 
0.0 0.0 0.0 0.0 0.0 
0.0 0.0 0.0 0.0 0.0 
0.0 0.0 0.0 0.0 0.0 
0.0 0.0 0.0 0.0 0.0 
0.0 0.0 0.0 0.0 0.0 
0.0 0.0 0.0 0.0 0.0 
0.0 0.0 0.0 0.0 0.0 
0.0 0.0 0.0 0.0 0.0 
0.0 0.0 0.0 0.0 0.0 
335.1892557480671 175.03191632060012 0.0 537.2363912748524 514.804984082173 
58.76618872691069 50.66435141382526 66.72731722067589 104.55749075284743 194.5223288210192 
353.29376184528064 254.45403857980847 232.4015680612872 271.4912522547041 341.34233633019943 
0.0 0.0 0.0 0.0 0.0 
348.5194698901598 0.0 0.0 493.0032121649193 443.7028909484275 
0.0 0.0 0.0 0.0 0.0 
0.0 0.0 0.0 0.0 0.0 
0.0 0.0 0.0 0.0 0.0 
0.0 0.0 0.0 0.0 0.0 
0.0 0.0 0.0 0.0 0.0 
0.0 0.0 0.0 0.0 0.0 
0.0 0.0 0.0 0.0 0.0 
0.0 0.0 0.0 0.0 0.0 
0.0 0.0 0.0 0.0 0.0 
0.0 0.0 0.0 0.0 0.0 
0.0 0.0 0.0 0.0 0.0 
0.0 0.0 0.0 0.0 0.0 
0.0 0.0 0.0 0.0 0.0 
36.762727314634596 233.2468838313112 216.87479890590606 93.21793764409452 136.5649477059361 
0.0 0.0 0.0 0.0 0.0 
0.0 0.0 0.0 0.0 0.0 
0.0 0.0 0.0 0.0 0.0 
0.0 0.0 0.0 0.0 0.0 
0.0 0.0 0.0 0.0 0.0 
0.0 0.0 0.0 0.0 0.0 
0.0 0.0 0.0 0.0 0.0 
0.0 0.0 0.0 0.0 0.0 
0.0 0.0 0.0 0.0 0.0 
0.0 0.0 0.0 0.0 0.0 
0.0 0.0 0.0 0.0 0.0 
0.0 0.0 0.0 0.0 0.0 
0.0 0.0 0.0 0.0 0.0 
0.0 0.0 0.0 0.0 0.0 
0.0 0.0 0.0 0.0 0.0 
64.3715437291001 27.718017158245782 21.810102046342916 12.314308819314167 40.43296966480261 
207.6526608129651 205.6608800635223 64.41349998150896 0.0 187.0146503199477 
0.0 0.0 0.0 0.0 0.0 
0.0 0.0 0.0 0.0 0.0 
0.0 0.0 0.0 0.0 0.0 
0.0 0.0 0.0 0.0 0.0 
0.0 0.0 0.0 0.0 0.0 
0.0 0.0 0.0 0.0 0.0 
0.0 0.0 0.0 0.0 0.0 
154.20930716817185 153.84450308946882 0.0 0.0 144.86953548850153 
0.0 0.0 0.0 0.0 0.0 
0.0 0.0 0.0 0.0 0.0 
0.0 0.0 0.0 0.0 0.0 
0.0 0.0 0.0 0.0 0.0 
0.0 0.0 0.0 0.0 0.0 
0.0 0.0 0.0 0.0 0.0 
0.0 0.0 0.0 0.0 0.0 
0.0 0.0 0.0 0.0 0.0 
0.0 0.0 0.0 0.0 0.0 
0.0 0.0 0.0 0.0 0.0 
0.0 0.0 0.0 0.0 0.0 
0.0 0.0 0.0 0.0 0.0 
0.0 0.0 0.0 0.0 0.0 
0.0 0.0 0.0 0.0 0.0 
0.0 0.0 0.0 0.0 0.0 
0.0 0.0 0.0 0.0 0.0 
0.0 0.0 0.0 0.0 0.0 
0.0 0.0 0.0 0.0 0.0 
0.0 0.0 0.0 0.0 0.0 
0.0 0.0 0.0 0.0 0.0 
0.0 0.0 0.0 0.0 0.0 
0.0 0.0 0.0 0.0 0.0 
0.0 0.0 0.0 0.0 0.0 
0.0 0.0 0.0 0.0 0.0 
0.0 0.0 0.0 0.0 0.0 
0.0 0.0 0.0 0.0 0.0 
0.0 0.0 0.0 0.0 0.0 
0.0 0.0 0.0 0.0 0.0 
0.0 0.0 0.0 0.0 0.0 
0.0 0.0 0.0 0.0 0.0 
344.5962351408459 336.534423307233 336.96906118335943 335.4440879451689 332.47795988843757 
547.7813468499102 443.7028909484275 0.0 0.0 493.0032121649193 
0.0 0.0 0.0 0.0 0.0 
0.0 0.0 0.0 0.0 0.0 
0.0 0.0 0.0 0.0 0.0 
25.087546127158635 176.86047302367894 216.98724935714878 107.06333403546722 213.63370683663396 
0.0 251.4609495522709 440.3438180041168 130.4946179500103 351.37378343536864 
0.0 0.0 0.0 0.0 0.0 
0.0 0.0 0.0 0.0 0.0 
0.0 0.0 0.0 0.0 0.0 
258.2116739496537 259.6701704294008 330.9745388776556 259.413889470329 191.3966803730284 
226.85711510966067 438.3027938800159 262.10081177192495 227.55950837344997 295.67942618196344 
574.750205402618 497.1317988962153 491.10066755508285 559.1682055893448 549.9838136198662 
0.0 289.6694053882144 276.9971849770035 0.0 266.4440974429948 
0.0 282.36335740086326 274.79815709383047 0.0 254.1161381443576 
0.0 0.0 0.0 0.0 0.0 
0.0 0.0 0.0 0.0 0.0 
0.0 0.0 0.0 0.0 0.0 
0.0 0.0 0.0 0.0 0.0 
0.0 0.0 0.0 0.0 0.0 
0.0 719.1135145531673 617.0787695981674 0.0 627.4711001413166 
0.0 556.1399033214881 554.9901955137157 0.0 500.5258334170057 
182.7804114189091 235.05295051319953 373.74219594796523 294.0366190740492 304.38820610597 
0.0 0.0 0.0 0.0 0.0 
0.0 0.0 0.0 0.0 0.0 
0.0 0.0 0.0 0.0 0.0 
0.0 0.0 0.0 0.0 0.0 
609.3580844888606 905.651272067306 194.47592623990818 657.4199199426289 734.8690932064329 
484.6983671041389 907.522498658194 628.6886894247689 793.6155830861285 851.9458563261545 
0.0 304.5244160692913 296.9030901885983 0.0 291.6641584547905 
0.0 833.6388731198276 825.8524033695064 0.0 750.274985651025 
0.0 0.0 0.0 0.0 0.0 
0.0 0.0 0.0 0.0 0.0 
0.0 0.0 0.0 0.0 0.0 
0.0 0.0 0.0 0.0 0.0 
0.0 0.0 0.0 0.0 0.0 
0.0 0.0 0.0 0.0 0.0 
0.0 337.3274004558441 380.50390769773935 0.0 342.4370163805112 
0.0 760.8264267868963 929.0044213361648 0.0 836.1194933642662 
0.0 0.0 0.0 0.0 0.0 
0.0 0.0 0.0 0.0 0.0 
0.0 0.0 0.0 0.0 0.0 
0.0 0.0 0.0 0.0 0.0 
0.0 0.0 0.0 0.0 0.0 
0.0 0.0 0.0 0.0 0.0 
0.0 0.0 0.0 0.0 0.0 
0.0 276.5540198836013 258.9252348045612 0.0 251.99831302163744 
0.0 0.0 0.0 0.0 0.0 
0.0 0.0 0.0 0.0 0.0 
0.0 0.0 0.0 0.0 0.0 
0.0 0.0 0.0 0.0 0.0 
0.0 0.0 0.0 0.0 0.0 
0.0 357.51871574717745 375.79794184137825 0.0 347.0678574984313 
0.0 0.0 0.0 0.0 0.0 
0.0 0.0 0.0 0.0 0.0 
0.0 0.0 0.0 0.0 0.0 
0.0 0.0 0.0 0.0 0.0 
0.0 0.0 0.0 0.0 0.0 
0.0 0.0 0.0 0.0 0.0 
0.0 0.0 0.0 0.0 0.0 
0.0 0.0 0.0 0.0 0.0 
27.207996678191456 157.7820344968511 64.52870628217099 51.20089614256206 66.22493856155718 
0.0 220.53971001358963 244.34443814427559 0.0 193.06637368678028 
0.0 0.0 0.0 0.0 0.0 
0.0 0.0 0.0 0.0 0.0 
0.0 0.0 0.0 0.0 0.0 
384.08952163364927 364.0998654346946 393.8969147209929 377.845427568602 373.30277629020884 
448.8847880991569 460.4214332225887 507.9107467277525 477.0463798699299 493.81161152515074 
381.2457361519162 411.58668545111647 448.3052237067836 399.55865029847587 415.21147588969995 
126.31810516418872 172.99224328693774 200.77447321228192 30.76043745304496 181.10014447997705 
159.8690280263401 197.24752942250052 435.9872333013134 218.95974093203074 318.74851691626924 
0.0 0.0 0.0 0.0 0.0 
0.0 0.0 0.0 0.0 0.0 
0.0 0.0 0.0 0.0 0.0 
16.79916385000767 467.20296177461915 149.46180122838538 59.398062924128034 387.1143174149941 
6.832659640422728 87.22662388461102 35.76444212309561 8.070660438158475 24.137577931925723 
0.0 179.8999043308742 282.89742529513126 64.4645259166409 203.64028719608558 
0.0 0.0 0.0 0.0 0.0 
0.0 0.0 0.0 0.0 0.0 
0.0 0.0 0.0 0.0 0.0 
0.0 0.0 0.0 0.0 0.0 
0.0 0.0 0.0 0.0 0.0 
0.0 0.0 0.0 0.0 0.0 
0.0 0.0 0.0 0.0 0.0 
0.0 0.0 0.0 0.0 0.0 
0.0 0.0 0.0 0.0 0.0 
0.0 0.0 0.0 0.0 0.0 
0.0 0.0 0.0 0.0 0.0 
0.0 0.0 0.0 0.0 0.0 
0.0 0.0 0.0 0.0 0.0 
0.0 0.0 0.0 0.0 0.0 
0.0 0.0 0.0 0.0 0.0 
0.0 0.0 0.0 0.0 0.0 
0.0 0.0 0.0 0.0 0.0 
0.0 0.0 0.0 0.0 0.0 
0.0 0.0 0.0 0.0 0.0 
0.0 0.0 0.0 0.0 0.0 
0.0 0.0 0.0 0.0 0.0 
0.0 0.0 0.0 0.0 0.0 
0.0 0.0 0.0 0.0 0.0 
0.0 0.0 0.0 0.0 0.0 
0.0 0.0 0.0 0.0 0.0 
0.0 0.0 0.0 0.0 0.0 
0.0 0.0 0.0 0.0 0.0 
0.0 0.0 0.0 0.0 0.0 
0.0 0.0 0.0 0.0 0.0 
0.0 0.0 0.0 0.0 0.0 
0.0 0.0 0.0 0.0 0.0 
0.0 0.0 0.0 0.0 0.0 
0.0 0.0 0.0 0.0 0.0 
0.0 0.0 0.0 0.0 0.0 
0.0 0.0 0.0 0.0 0.0 
0.0 0.0 0.0 0.0 0.0 
0.0 0.0 0.0 0.0 0.0 
0.0 0.0 0.0 0.0 0.0 
0.0 0.0 0.0 0.0 0.0 
0.0 0.0 0.0 0.0 0.0 
0.0 0.0 0.0 0.0 0.0 
0.0 0.0 0.0 0.0 0.0 
0.0 0.0 0.0 0.0 0.0 
0.0 0.0 0.0 0.0 0.0 
0.0 0.0 0.0 0.0 0.0 
0.0 0.0 0.0 0.0 0.0 
0.0 0.0 0.0 0.0 0.0 
0.0 0.0 0.0 0.0 0.0 
0.0 0.0 0.0 0.0 0.0 
0.0 0.0 0.0 0.0 0.0 
0.0 0.0 0.0 0.0 0.0 
0.0 0.0 0.0 0.0 0.0 
0.0 0.0 0.0 0.0 0.0 
0.0 0.0 0.0 0.0 0.0 
0.0 0.0 0.0 0.0 0.0 
0.0 0.0 0.0 0.0 0.0 
0.0 0.0 0.0 0.0 0.0 
0.0 0.0 0.0 0.0 0.0 
0.0 0.0 0.0 0.0 0.0 
0.0 0.0 0.0 0.0 0.0 
0.0 0.0 0.0 0.0 0.0 
0.0 0.0 0.0 0.0 0.0 
0.0 0.0 0.0 0.0 0.0 
0.0 0.0 0.0 0.0 0.0 
0.0 0.0 0.0 0.0 0.0 
0.0 0.0 0.0 0.0 0.0 
0.0 0.0 0.0 0.0 0.0 
0.0 0.0 0.0 0.0 0.0 
0.0 0.0 0.0 0.0 0.0 
0.0 0.0 0.0 0.0 0.0 
0.0 0.0 0.0 0.0 0.0 
0.0 0.0 0.0 0.0 0.0 
0.0 0.0 0.0 0.0 0.0 
0.0 0.0 0.0 0.0 0.0 
0.0 0.0 0.0 0.0 0.0 
0.0 0.0 0.0 0.0 0.0 
0.0 0.0 0.0 0.0 0.0 
0.0 0.0 0.0 0.0 0.0 
0.0 0.0 0.0 0.0 0.0 
0.0 0.0 0.0 0.0 0.0 
0.0 0.0 0.0 0.0 0.0 
0.0 0.0 0.0 0.0 0.0 
0.0 0.0 0.0 0.0 0.0 
0.0 0.0 0.0 0.0 0.0 
0.0 0.0 0.0 0.0 0.0 
0.0 0.0 0.0 0.0 0.0 
0.0 0.0 0.0 0.0 0.0 
0.0 0.0 0.0 0.0 0.0 
0.0 0.0 0.0 0.0 0.0 
0.0 0.0 0.0 0.0 0.0 
0.0 0.0 0.0 0.0 0.0 
0.0 0.0 0.0 0.0 0.0 
0.0 0.0 0.0 0.0 0.0 
0.0 0.0 0.0 0.0 0.0 
0.0 0.0 0.0 0.0 0.0 
0.0 0.0 0.0 0.0 0.0 
0.0 0.0 0.0 0.0 0.0 
0.0 0.0 0.0 0.0 0.0 
0.0 0.0 0.0 0.0 0.0 
0.0 0.0 0.0 0.0 0.0 
0.0 0.0 0.0 0.0 0.0 
0.0 0.0 0.0 0.0 0.0 
0.0 0.0 0.0 0.0 0.0 
0.0 0.0 0.0 0.0 0.0 
0.0 0.0 0.0 379.2537934830598 289.53783939438927 
0.0 0.0 0.0 0.0 0.0 
0.0 0.0 0.0 0.0 0.0 
0.0 0.0 0.0 0.0 0.0 
0.0 0.0 0.0 0.0 0.0 
0.0 0.0 0.0 274.2412563515213 252.0550236724723 
0.0 0.0 0.0 0.0 0.0 
0.0 0.0 0.0 0.0 0.0 
0.0 0.0 0.0 349.94987070625615 334.85786280535376 
0.0 0.0 0.0 0.0 0.0 
0.0 0.0 0.0 0.0 0.0 
0.0 0.0 0.0 0.0 0.0 
0.0 0.0 0.0 0.0 0.0 
227.10672828161339 267.0007349935676 246.14676569969245 332.8188682093287 277.5123330095189 
0.0 0.0 0.0 0.0 0.0 
339.94798273586207 361.2265428264166 365.57098762149116 429.5032388251279 402.17673446767566 
0.0 0.0 0.0 0.0 0.0 
0.0 0.0 0.0 0.0 0.0 
0.0 0.0 0.0 0.0 0.0 
0.0 0.0 0.0 0.0 0.0 
0.0 0.0 0.0 0.0 0.0 
0.0 0.0 0.0 0.0 0.0 
0.0 0.0 0.0 0.0 0.0 
0.0 0.0 0.0 0.0 0.0 
0.0 0.0 0.0 0.0 0.0 
0.0 0.0 0.0 0.0 0.0 
0.0 0.0 0.0 0.0 0.0 
0.0 0.0 0.0 0.0 0.0 
0.0 0.0 0.0 0.0 0.0 
0.0 0.0 0.0 0.0 0.0 
0.0 0.0 0.0 0.0 0.0 
0.0 0.0 0.0 0.0 0.0 
0.0 0.0 0.0 289.6744520567003 241.4915490720878 
0.0 0.0 0.0 0.0 0.0 
0.0 0.0 0.0 0.0 0.0 
0.0 0.0 0.0 0.0 0.0 
47.64803966907026 0.0 45.60978930626882 159.35771311070005 216.2690215777998 
326.43327969991907 378.83236910386364 309.1847961815546 514.1387339144007 409.9804008995037 
0.0 0.0 0.0 0.0 0.0 
377.6033354207036 507.33152196457604 364.4223115906083 608.3577329439549 520.5126441931013 
0.0 0.0 0.0 0.0 0.0 
0.0 0.0 0.0 0.0 0.0 
0.0 0.0 0.0 0.0 0.0 
0.0 0.0 0.0 0.0 0.0 
0.0 0.0 0.0 0.0 0.0 
0.0 0.0 0.0 0.0 0.0 
0.0 0.0 0.0 0.0 0.0 
0.0 0.0 0.0 0.0 0.0 
0.0 0.0 0.0 0.0 0.0 
0.0 0.0 0.0 0.0 0.0 
0.0 0.0 0.0 0.0 0.0 
0.0 0.0 0.0 0.0 0.0 
0.0 0.0 0.0 0.0 0.0 
0.0 0.0 0.0 0.0 0.0 
0.0 0.0 0.0 0.0 0.0 
0.0 0.0 0.0 0.0 0.0 
0.0 0.0 0.0 0.0 0.0 
0.0 0.0 0.0 0.0 0.0 
0.0 0.0 0.0 0.0 0.0 
0.0 0.0 0.0 0.0 0.0 
0.0 0.0 0.0 0.0 0.0 
0.0 0.0 0.0 0.0 0.0 
0.0 0.0 0.0 0.0 0.0 
0.0 0.0 0.0 0.0 0.0 
0.0 0.0 0.0 0.0 0.0 
0.0 0.0 0.0 0.0 0.0 
0.0 0.0 0.0 0.0 0.0 
0.0 0.0 0.0 0.0 0.0 
0.0 0.0 0.0 0.0 0.0 
0.0 0.0 0.0 0.0 0.0 
0.0 0.0 0.0 0.0 0.0 
0.0 0.0 0.0 0.0 0.0 
0.0 0.0 0.0 0.0 0.0 
0.0 0.0 0.0 0.0 0.0 
0.0 0.0 0.0 0.0 0.0 
0.0 0.0 0.0 0.0 0.0 
0.0 0.0 0.0 0.0 0.0 
0.0 0.0 0.0 0.0 0.0 
0.0 0.0 0.0 0.0 0.0 
0.0 0.0 0.0 0.0 0.0 
0.0 0.0 0.0 0.0 0.0 
0.0 0.0 0.0 0.0 0.0 
0.0 0.0 0.0 0.0 0.0 
0.0 0.0 0.0 0.0 0.0 
0.0 0.0 0.0 0.0 0.0 
0.0 0.0 0.0 0.0 0.0 
0.0 0.0 0.0 0.0 0.0 
0.0 0.0 0.0 0.0 0.0 
0.0 0.0 0.0 0.0 0.0 
0.0 0.0 0.0 0.0 0.0 
0.0 0.0 0.0 0.0 0.0 
0.0 0.0 0.0 0.0 0.0 
0.0 0.0 0.0 0.0 0.0 
0.0 0.0 0.0 0.0 0.0 
0.0 0.0 0.0 0.0 0.0 
0.0 0.0 0.0 0.0 0.0 
0.0 0.0 0.0 0.0 0.0 
0.0 0.0 0.0 0.0 0.0 
0.0 0.0 0.0 0.0 0.0 
0.0 0.0 0.0 0.0 0.0 
0.0 0.0 0.0 0.0 0.0 
0.0 0.0 0.0 0.0 0.0 
0.0 0.0 0.0 0.0 0.0 
0.0 0.0 0.0 0.0 0.0 
0.0 0.0 0.0 0.0 0.0 
0.0 0.0 0.0 0.0 0.0 
0.0 0.0 0.0 0.0 0.0 
0.0 0.0 0.0 0.0 0.0 
0.0 0.0 0.0 0.0 0.0 
0.0 0.0 0.0 0.0 0.0 
0.0 0.0 0.0 0.0 0.0 
0.0 0.0 0.0 0.0 0.0 
0.0 0.0 0.0 0.0 0.0 
0.0 0.0 0.0 0.0 0.0 
0.0 0.0 0.0 0.0 0.0 
0.0 0.0 0.0 0.0 0.0 
0.0 0.0 0.0 0.0 0.0 
0.0 0.0 0.0 0.0 0.0 
0.0 0.0 0.0 0.0 0.0 
0.0 0.0 0.0 0.0 0.0 
391.5095526168672 601.6271271916584 400.73411430335 47.63214031985238 531.9089506928735 
404.71444685313577 452.18423183109445 404.105631611558 404.59713580251093 412.2473671828057 
0.0 0.0 0.0 0.0 0.0 
0.0 0.0 0.0 0.0 0.0 
0.0 0.0 0.0 0.0 0.0 
0.0 0.0 0.0 0.0 0.0 
0.0 0.0 0.0 0.0 0.0 
0.0 0.0 0.0 0.0 0.0 
0.0 0.0 0.0 0.0 0.0 
0.0 0.0 0.0 0.0 0.0 
0.0 0.0 0.0 0.0 0.0 
0.0 0.0 0.0 0.0 0.0 
0.0 0.0 0.0 0.0 0.0 
0.0 0.0 0.0 0.0 0.0 
0.0 0.0 0.0 0.0 0.0 
0.0 0.0 0.0 0.0 0.0 
0.0 0.0 0.0 0.0 0.0 
0.0 0.0 0.0 0.0 0.0 
0.0 0.0 0.0 0.0 0.0 
0.0 0.0 0.0 0.0 0.0 
0.0 0.0 0.0 0.0 0.0 
0.0 0.0 0.0 0.0 0.0 
0.0 0.0 0.0 0.0 0.0 
0.0 0.0 0.0 0.0 0.0 
0.0 0.0 0.0 0.0 0.0 
0.0 0.0 0.0 0.0 0.0 
0.0 0.0 0.0 0.0 0.0 
0.0 0.0 0.0 0.0 0.0 
0.0 0.0 0.0 0.0 0.0 
0.0 0.0 0.0 0.0 0.0 
0.0 0.0 0.0 0.0 0.0 
0.0 0.0 0.0 0.0 0.0 
0.0 0.0 0.0 0.0 0.0 
0.0 0.0 0.0 0.0 0.0 
0.0 0.0 0.0 0.0 0.0 
0.0 0.0 0.0 0.0 0.0 
0.0 0.0 0.0 0.0 0.0 
0.0 0.0 0.0 0.0 0.0 
0.0 0.0 0.0 0.0 0.0 
0.0 0.0 0.0 0.0 0.0 
0.0 0.0 0.0 0.0 0.0 
0.0 0.0 0.0 0.0 0.0 
0.0 0.0 0.0 0.0 0.0 
0.0 0.0 0.0 0.0 0.0 
0.0 0.0 0.0 0.0 0.0 
0.0 0.0 0.0 0.0 0.0 
0.0 0.0 0.0 0.0 0.0 
0.0 0.0 0.0 0.0 0.0 
0.0 0.0 0.0 0.0 0.0 
0.0 0.0 0.0 0.0 0.0 
0.0 0.0 0.0 0.0 0.0 
0.0 0.0 0.0 0.0 0.0 
0.0 0.0 0.0 0.0 0.0 
0.0 0.0 0.0 0.0 0.0 
0.0 0.0 0.0 0.0 0.0 
0.0 0.0 0.0 0.0 0.0 
273.24358014671316 551.3905660155839 395.8207313945946 318.0888407806063 456.1438225785527 
485.80468445122864 518.2550949606594 497.78955408489145 528.4758404296897 505.1380292434358 
0.0 0.0 0.0 0.0 0.0 
0.0 0.0 0.0 0.0 0.0 
0.0 0.0 0.0 0.0 0.0 
0.0 0.0 0.0 0.0 0.0 
0.0 0.0 0.0 0.0 0.0 
0.0 0.0 0.0 0.0 0.0 
