836.408823686932 748.4153365162409 743.6811329012738 719.1621111539109 738.5042609442512 
834.076523620748 711.3384325417159 711.0595820794437 716.970879133216 717.8126392880622 
365.0469501143473 398.08940164205416 291.73903157143195 355.25760137162536 297.8224483287222 
113.92685120365375 286.50962559506166 174.4303513440746 348.83216021837546 258.94323197788634 
111.72597476142857 528.5181705003803 126.59586743062991 89.73416354563749 275.716537686786 
899.7982968592115 796.8368012607383 771.4486344034141 739.5004322531883 795.3703350651577 
915.8483904881314 802.9295604808107 788.5706658532088 789.9550404266582 810.6942124160327 
825.5977012407006 737.8794969573257 733.6298724995187 730.1360926781838 741.8285150294614 
567.6583494948206 525.7356805272351 515.1073404862137 515.029578870447 513.0367143399751 
552.0332863935197 488.83943075996336 472.0611617948956 483.94729946488724 489.1167379237365 
324.53064913694277 361.20825538249574 317.91895088280285 300.0637614983742 301.4192681178937 
451.08920533846754 336.0558771838769 333.8266679338577 352.85530397107635 361.58855828488436 
390.72073987251383 428.63436031831617 369.46979731142363 381.34909366841407 357.17633495528247 
560.2467704454139 494.0828782502304 483.92607413322725 495.98741702082407 495.8976436287721 
534.334434112001 456.05064077901244 449.52694565269394 452.5298626799947 457.73680601074693 
553.159947451227 502.0163250697958 495.61615501353725 500.0444227029628 502.90525396603624 
489.8797277581758 624.2408010709719 530.2292559704381 558.4882918497764 564.88964607678 
490.83386020661214 623.6765929291819 546.1287102315302 561.2111911242799 564.8907466195565 
374.8537911662473 574.1178799328411 407.1715155829691 495.19213812160535 495.2877161029975 
415.0475324667936 519.429622526745 419.13356967713344 452.30841151027926 471.9308836673984 
398.81959927243525 518.9069498864466 380.1159114421512 397.8372467647661 475.0859185727428 
484.8402906768133 608.7696899826619 532.6760607525478 540.4244168749551 540.707740248611 
701.9615142093674 821.9736228333167 710.5732085471664 706.2424443316288 709.2760236376256 
562.7934193713394 642.6279993035821 567.9244446048374 585.2566937348113 590.9495882846428 
0.0 129.79148815675077 356.7560062222201 221.283932251715 268.29816490237687 
179.92489044150275 90.01763704962576 252.26969137829283 296.1168762462114 238.23305517898962 
154.75796223655868 141.53382724941665 131.94109343061766 138.02464262991407 145.30048929654015 
188.47771498490988 257.4800211350578 341.2049415985984 197.563637233316 253.36090652084482 
350.2609385923779 280.7347030436537 352.6682069377058 339.0164051893653 339.2853902354158 
402.2794519656497 432.7368278132011 472.80177558139303 404.77589144808553 423.8748670483807 
130.45287461547628 217.11411581484842 183.3256772868573 183.11138026661132 217.68722062103205 
289.4590872489612 317.02067849697755 475.7854205417034 307.3223068499922 351.8826778972787 
0.0 0.0 0.0 0.0 0.0 
13.796171999999999 4.244976 0.0 0.0 4.1388516 
0.0 0.0 0.0 0.0 0.0 
0.0 0.0 0.0 0.0 0.0 
25.0 0.0 0.0 0.0 22.5 
17.82728601949424 94.57002332510156 0.0 22.214342115647245 64.17551410241695 
154.63026582186822 174.31791506305183 157.1422352899007 132.27000861596719 149.40473560561378 
0.0 73.62128178829886 0.0 61.031598194405106 61.031598194405106 
425.8666783903416 438.9708437120895 513.4833133860922 445.2611227755433 448.4582730057749 
456.16431218944024 453.0636202262919 511.24598034871 460.93211132254027 468.4294762392587 
307.0167599763355 219.40541157084093 519.7403238169911 322.8917445731438 376.6334979664695 
250.2096121155275 267.52406609297805 244.47421993117104 239.27705875030844 232.36981542714258 
363.5456756826962 336.90562024020653 485.18662562475816 280.96169799987956 357.6728328338584 
304.4616884788093 324.09688115508084 371.9278029591088 315.7299267986203 323.1196431704671 
356.08728086415465 348.2049652941466 393.2245340664859 343.866177466493 348.67734549522845 
386.8927767358029 386.1940888921086 410.1588845555974 386.55136193386664 381.85207524198694 
0.0 0.0 0.0 455.0870216986224 94.75103233707046 
241.804411549218 130.36172681843198 75.51052933798775 86.8577399083745 136.07218943731678 
819.9883780636318 792.1011879226947 732.7472853944674 959.2294066233633 850.8937509675892 
631.4238784916267 327.1579895747508 0.0 795.652045230808 477.1441423035211 
45.86621269707451 0.0 8.393516923564636 142.97884543738752 0.0 
466.14092623237656 697.2575134406143 548.7403732295553 731.6570095998934 714.7858891313304 
430.7863124365626 479.76011977894103 438.8333599001328 462.0954939394415 468.9389311134932 
624.5456815574113 730.8043127084784 628.1193586484758 895.5844565700719 643.6250914547279 
464.25696773185143 584.4305759593702 508.4775933710534 681.6301207519057 595.0378811282162 
381.5067811247642 428.31001294482564 509.9803245063865 654.0153609937306 544.7605802536268 
99.23592876646553 281.7276136839614 0.0 69.16210671174721 0.0 
526.0814948392926 329.9215288068026 95.04817257252071 285.9080422975744 329.7028254689963 
84.44278461835765 56.86487534508139 229.99296714694185 295.16009352420747 213.03602451707874 
552.2291462250116 540.8146775525369 547.4010414494093 662.3938627075565 509.8967493425228 
373.13400104560486 367.5793165084885 380.127268125108 438.85658954454055 351.94530254686094 
579.1140348248302 591.2655440311081 577.5929547585292 691.56960792009 588.9702554177379 
854.8134165138486 734.36974778339 808.7935377075718 728.2277508701303 720.6889691550282 
503.96858480533126 466.8418404794084 459.9173414454001 456.20276831354334 459.0943133060207 
590.1103864420154 653.1006744016252 581.4265630935988 641.9226587090587 600.6800370096155 
520.5044683590464 584.416828923968 546.6443977893056 528.9548944178582 532.4629373202561 
689.6581286875772 622.481723409679 636.9909460076418 623.8416129784957 602.0895108744436 
512.9716899706228 517.6443334243739 516.3194281563983 552.4818098823009 496.09543825866643 
518.3445156411008 542.8921841296723 515.3976539870754 593.4559030784443 525.980812725242 
464.2280639520814 449.56333166419006 447.72074226045476 449.09016546915933 425.1756416888886 
0.0 0.0 0.0 0.0 0.0 
0.0 0.0 0.0 0.0 0.0 
0.0 0.0 0.0 0.0 0.0 
0.0 0.0 0.0 0.0 0.0 
0.0 0.0 0.0 0.0 0.0 
0.0 0.0 0.0 0.0 0.0 
0.0 0.0 0.0 0.0 0.0 
0.0 0.0 0.0 0.0 0.0 
259.09773703449565 354.3215261671839 248.1287640684904 271.4387134498151 311.36838464920754 
265.66900395654994 299.9151117641208 267.19921661262345 263.22347114463344 269.7387233280671 
23.443914334869785 57.14246320018398 93.44625897556635 111.88100460308189 105.23278967617877 
52.14494191112256 284.92981095591585 149.9248695608905 149.6317307200615 189.21783054674808 
0.0 0.0 0.0 0.0 0.0 
0.0 0.0 0.0 0.0 0.0 
228.50861309880003 128.80597547935608 9.770093450332714 303.8261616419129 190.6430314761833 
324.8406959398923 322.79107472151566 314.26102223250405 314.3732759799275 294.3234822263696 
713.2004772432317 775.68650098366 691.3959912499733 718.6788048665563 718.1152265113701 
635.9319942740485 693.4814386335029 625.8787890944913 629.2045201758217 626.3267430240242 
242.33413365153447 376.07536805103814 391.1519160580716 416.63478883535345 461.6800513081467 
428.8256104520705 553.4363101260739 487.36453099405077 550.9033478352738 527.12424483922 
561.2150271915516 584.5204880257025 524.7406256143203 540.7945149174325 543.217616551753 
573.3756158088447 641.8099738419891 561.0870927704747 576.7049982298701 573.2307445084365 
560.0366720276294 612.3523464217444 547.1624865699323 584.3504003311468 558.6372715651545 
674.0338417806249 730.4155087891199 664.1195554555849 656.1846031228091 657.0716206616511 
70.80481445761556 58.30172861028402 0.0 42.40091273740849 116.49470192887622 
0.0 42.29056466645022 0.0 20.496772986469914 24.861014846984542 
107.68568181958356 150.32177662707085 102.22276309425848 171.48081507891334 150.24768893024404 
54.35493946177898 111.50131777715099 54.149163294338564 53.013997298160255 84.81394204257822 
133.74018366398292 185.72848271219323 119.6753197240982 120.30900941350433 147.01819270071584 
276.49567584190305 275.33442258629066 369.9780139950601 254.81311941082535 317.24829840312964 
130.83649516474168 182.3158981847635 150.83370889677772 157.23565862760776 162.6667918660496 
0.0 84.38712126742003 35.5858375528601 93.57573557921964 123.20008050106787 
0.0 13.675353163168863 0.0 36.4943319582256 31.930239575662483 
0.0 0.0 0.0 12.584143768141711 4.741566267575221 
163.10858429818495 372.2326824314134 104.61235849742312 237.677443498718 220.90572249007909 
12.24762998405247 93.41220217880422 12.840479207629414 24.88447992231236 36.17939471356739 
95.3239661977555 124.42503628622981 69.0230543888025 68.27947966230786 92.76888168418263 
144.33975316606347 148.53901371481712 141.2133699900549 186.21558357583083 138.09542362214722 
116.68759614983267 285.21604879370176 185.0612223220719 165.8260076979393 235.73529501498803 
0.0 152.62374124984814 70.64965866230261 92.13243144609109 135.6003001004453 
272.2064002409325 264.02047248520734 295.07267537687113 270.6284273473983 269.0178405077337 
275.4189804190504 281.3877617658246 322.6786234077523 280.34221740680465 281.913773141204 
275.8306618905783 282.1910758944681 418.492884592768 237.81843664674443 270.08763140329296 
282.415881385348 282.3888765943416 313.43046586330996 261.30503376570897 275.87704989855587 
237.61953437174066 220.94530155316767 209.23341647986754 241.51947039251473 222.2080667940701 
259.1322209252116 250.44995057377616 292.8068802971181 260.37016590445813 261.34808047615627 
263.3158938188315 281.9880455621309 328.5252280188947 277.202217675598 275.26223206031096 
253.85037119860988 252.56966812679212 280.33560635287216 257.10870798839596 255.36262255112473 
717.5138105406303 717.8627762829269 697.5346336585892 815.0867112331745 718.8756809146469 
749.8181383628848 748.3994840395046 749.4546826654463 836.0338524028275 748.6051609388898 
0.0 0.0 0.0 0.0 0.0 
0.0 0.0 0.0 0.0 0.0 
0.0 0.0 0.0 0.0 0.0 
0.0 0.0 0.0 0.0 0.0 
0.0 0.0 0.0 0.0 0.0 
568.0450917121854 585.932651589232 592.7211693187982 735.0660628412176 607.4477333644626 
58.87647022472814 149.98606614221356 132.93829078733825 145.62295477750646 152.30324978656498 
40.59872120848454 117.93515171161604 1.0667838182273537 181.38259478478565 111.47295654233238 
0.0 0.0 0.0 0.0 0.0 
0.0 0.0 0.0 0.0 0.0 
0.0 0.0 0.0 0.0 0.0 
0.0 0.0 0.0 0.0 0.0 
0.0 0.0 0.0 0.0 0.0 
272.31685459376706 293.44019162881034 277.25385164092455 330.59820744999485 292.3707913424058 
399.5557295281349 399.77924655436374 454.89438996173806 396.0401051185927 401.6944020719637 
465.85758627486325 534.4314483594335 451.8060544329219 458.2371074019125 456.12919581136225 
531.7270386982235 563.0100568076745 486.98667486657087 572.2276136804148 516.4256397551816 
436.76169365996583 477.86835461741146 524.693352264165 426.5818861134863 487.14996364608277 
845.6773954762308 729.5458803834738 729.8198560859128 688.697486798841 726.5121596905118 
432.9780128678067 449.92929605400616 497.3325629994951 433.36016277550505 446.1566842238564 
601.8213723633763 594.9796722364115 577.2668125673524 689.5515065371909 587.958692963799 
352.97184871702797 350.77900648240814 376.6220698802119 346.0611501661943 346.7467217333402 
0.0 0.0 0.0 0.0 0.0 
0.0 0.0 0.0 0.0 0.0 
0.0 0.0 0.0 0.0 0.0 
0.0 0.0 0.0 0.0 0.0 
0.0 0.0 0.0 0.0 0.0 
0.0 104.86412021577567 0.0 72.96130265365062 0.0 
246.66191689088924 106.61440350399374 104.86412021577567 299.49802131268683 319.22337838817293 
1052.5343551352248 957.5229270374576 958.7115665739491 940.9696093383966 950.4537122624375 
273.8865074144717 340.49996882762673 299.8146104610573 415.73452310202237 338.433500205746 
228.685367994903 344.1750759432978 283.7865602348283 314.0361797064261 359.0744536520676 
0.0 40.043703654032946 102.16332913082528 10.792585914227194 69.11401627417851 
383.8772223096834 170.53303309320728 150.0954549676029 170.49840897292438 132.98606735138475 
398.6559887051009 0.0 79.82426035605658 175.27581143924846 105.27679722163796 
520.4108522254512 404.8960389989395 403.27074754609595 403.7992012894889 439.9695174758769 
453.11415008025506 424.04367595824465 443.6429193950809 423.203064534787 416.34241832809477 
513.787089314424 502.8948049638496 494.45303981499757 496.60612669419453 500.5841704520872 
0.0 0.0 0.0 126.23645751809265 0.0 
0.0 0.0 0.0 0.0 0.0 
81.08296041998092 0.0 20.296489952610777 20.864356519266614 136.0565689168991 
135.58625503067393 185.17068957873886 0.0 315.2752672633545 193.2293025267898 
-184.66666666666669 0.0 0.0 0.0 0.0 
17.726366812574362 30.503184860271297 122.27046968424733 33.824702678248734 100.07606581453837 
0.0 211.41072869397254 377.40890467427715 4.242516583716709 298.4282418613768 
112.08091781752988 148.43457223878022 146.37694370737944 365.9856853021281 258.1703806083158 
1.498357069571477 43.65877447370043 93.11242715254903 208.5721502192252 58.83314458236994 
125.97506190635217 66.21397110512744 26.1702090099319 113.57928980753401 88.1657148992739 
0.0 0.0 0.0 0.0 0.0 
51.88654124611587 85.31174415082417 172.7654929319154 99.16229700229462 119.90358281758793 
64.7663493136491 7.627185448226814 0.0 194.49381437624496 127.30767978171684 
282.589574824624 273.1734245904315 446.9956336561726 308.54901034441986 291.48672398935 
365.73931291300863 313.6463630124033 522.5761849358232 341.02559266519086 425.63076641843213 
146.54658092189104 117.58567013413408 373.63490653600365 148.77078920375516 140.59014502978084 
0.0 0.0 0.0 0.0 0.0 
89.21349211290182 0.0 0.0 0.0 0.0 
0.0 0.0 0.0 0.0 0.0 
0.0 4.526792565294029 0.0 14.44194210183592 6.88374256095712 
18.252083849055605 0.0 6.4228407073604545 0.0 10.285126179127584 
9.125953765396229 1.2514121171779395 1.3211653977486861 269.1432534618345 95.04315038210675 
0.0 0.0 0.0 0.0 0.0 
124.91265823079502 18.86656 18.061722862910898 0.0 48.191721250094076 
306.23698282863364 319.50689677832463 310.0921470538233 390.6554395635051 323.5080100324298 
266.2423171962343 322.73746001269296 279.3695448870606 413.36260796180756 331.52878738237985 
0.0 156.2429517058159 0.0 323.8249054196933 246.02230593846505 
145.88937342054535 207.7599022898805 153.08151051963537 248.40702895268655 263.086646906577 
262.96971664536386 259.0043177908106 296.69384124598616 264.13076013728966 260.2279292069439 
283.21531607635666 285.3042900366743 316.22156511259993 291.25562204958965 286.8640685395803 
320.3085513670934 321.1213254861833 353.70699865209036 322.1537841834706 323.81600737207566 
339.9346191729496 344.4143809036839 350.97175344029614 374.96495936468995 343.28015157555177 
0.0 0.0 0.0 0.0 0.0 
197.75794672920154 0.0 15.543774612915248 16.125512844979717 0.0 
0.0 0.0 0.0 0.0 0.0 
0.0 0.0 0.0 0.0 0.0 
0.0 0.0 0.0 0.0 0.0 
134.56428429412009 205.1591965010141 200.80410053033253 159.70713455938946 200.02438661424213 
189.87780325528456 146.5763567362714 239.62904378134175 402.20975749198664 182.55159915164785 
362.2566257574863 382.00321980684026 339.31773805169826 404.88538249459856 370.9744160590859 
270.0345967581163 298.3177567879483 316.1355378379571 319.5688102750105 331.3414860379948 
0.0 173.5980863508745 314.97247864460826 190.85421995985683 149.3029541236138 
0.0 0.0 0.0 0.0 0.0 
0.0 0.0 0.0 0.0 0.0 
0.0 0.0 138.24698525937353 0.0 0.0 
263.33476296817065 283.6786278272773 253.76259125236032 328.94170801647533 275.2186826375878 
187.04417325690247 186.80205071696275 212.25500133265888 188.0504667094286 183.58149798202388 
205.22982028652186 210.0713828177674 246.85565112159634 210.27792789620284 205.06852345242584 
627.387021312242 465.7795495650066 356.4843745439982 491.3739572282557 526.3309884085603 
121.82656791834886 372.1543513535194 311.52309806037954 416.0670371859627 380.2082672078839 
223.52364697301823 149.1334518286139 323.3463488843962 547.128345993832 431.8610681784793 
460.7138902180618 486.34309125313 577.9910455069723 488.84665962022365 522.2575038370865 
664.6759178707835 609.633028425869 750.2861321377304 583.6791370255052 670.694745975785 
455.41878119162175 456.9370357494621 447.83245398000463 559.7706458483626 489.40177627964175 
468.18611611210474 487.03882395946533 467.3588545554583 502.95052644416853 456.85910538941766 
368.0725661355915 377.4702544905474 366.9879118991544 368.41963016481844 344.00321205358404 
707.3621931083769 563.4818309984119 582.4854993271766 532.8905371440942 607.7340590502195 
378.48504006669424 461.56998388745336 463.74311732170503 507.4260369419475 534.1769898741533 
9.870916262471532 70.7574869865937 0.0 72.857628052091 78.58849995845512 
0.0 0.0 0.0 0.0 0.0 
0.0 0.0 0.0 0.0 0.0 
0.0 0.0 0.0 0.0 0.0 
739.4488889797127 608.8629651528584 488.1939366176643 625.2648032849672 630.3769980738989 
736.0438423034439 648.2507613047892 655.8259990203987 647.4513826277481 657.6038029856035 
367.4723447719163 296.04075895817704 304.98618825057895 306.55598738577015 304.3314393725367 
242.08626185252464 279.9984705871139 245.59960504495518 237.09975183485943 249.095117706419 
171.96516820697383 202.51467292445116 159.61916563716463 277.30425184787407 204.80938481748046 
0.0 138.89379180288356 0.0 0.0 0.0 
0.0 0.0 0.0 0.0 0.0 
0.0 0.0 0.0 0.0 0.0 
305.01613388083797 243.673935749344 295.58282581076645 268.6887714023386 296.181295844054 
438.78048328140676 364.2115578771367 366.4719501119422 365.67142490088924 373.5419792505376 
0.0 36.16738380188094 0.0 0.0 169.07349203574907 
126.36958160573292 273.06928514978506 268.6086088141431 262.97095524333497 216.0565691479693 
0.0 0.0 0.0 0.0 0.0 
446.0601418034255 864.5505527650981 391.2045762379835 449.172193868843 688.2244495052178 
382.72685403652486 728.4460373543416 312.3265362349971 232.94015467916682 596.8523596463147 
773.9898983460995 875.1287015563752 797.3838163264475 772.4658902401319 761.4088494554127 
0.0 0.0 0.0 0.0 0.0 
0.0 435.9176300207858 0.0 0.0 313.0370185178284 
0.0 0.0 0.0 0.0 0.0 
0.0 0.0 0.0 0.0 0.0 
0.0 0.0 0.0 0.0 0.0 
36.29129595105042 34.733750184824906 39.213700318888215 50.43682064750266 78.51960099612162 
57.001297640944664 179.2309540283083 51.15173571557838 68.31105086864758 157.66817979116112 
203.07826569543363 194.50712796543394 133.9329020317227 257.7220314812225 228.988418632561 
0.0 0.0 0.0 0.0 0.0 
0.0 0.0 0.0 0.0 0.0 
11.145923595049387 74.99147758051629 7.000037007159955 45.38850986208939 97.3929370011343 
0.36565376363768404 246.5249502088778 0.0 139.08244412988336 218.14636014094074 
0.0 1.7215443857767616 0.0 0.0 67.93935141965723 
21.627373794209767 18.794739155586228 14.702579395951332 23.709457425727642 25.91026756065689 
0.0 111.47013539905481 0.0 28.304661524676085 24.734629645957888 
82.35715789995075 116.19672996758865 105.99364001272524 179.49573868263215 136.54224067326095 
0.0 34.438159157391524 0.0 0.0 0.0 
0.0 3.1919598644451184 11.217288779586791 0.0 29.506757101185794 
0.0 0.0 0.0 0.0 0.0 
0.0 0.0 0.0 0.0 0.0 
0.0 0.0 0.0 0.0 0.0 
115.1532376949245 164.66079625497804 121.1613923156094 132.2802697972516 129.077821662145 
122.36462185212996 164.84631181017315 121.96783368169989 129.95911271342035 139.48726997183482 
206.75942754227992 211.74531575570478 217.51985717275065 232.13404172838776 213.81732011533174 
0.0 0.0 0.0 0.0 0.0 
0.0 0.0 0.0 0.0 0.0 
635.3944246739998 632.2009916505348 657.5890543310285 710.9333509936821 635.5930128005731 
731.0131134218341 764.9583840242075 763.6763125553798 887.9717421683274 783.444359688426 
707.7170233969229 720.706198483737 770.2562676767708 915.6079398249727 740.5647535591797 
0.0 0.0 0.0 0.0 0.0 
0.0 0.0 0.0 0.0 0.0 
0.0 0.0 0.0 0.0 0.0 
455.9478868134019 463.93861061199516 468.0266090762961 517.2148431077229 454.54494966131995 
486.64278084246007 502.4096149175386 500.49926417225305 568.0808632567243 498.6679102236931 
410.86684019665574 313.2287330163235 330.37712857881115 333.6724108160683 368.25339035626433 
333.03966969886284 324.2104555935293 288.3401888432645 440.0029653326675 348.40275942053205 
133.49915378329712 176.86433080164562 55.94349922461177 150.20270308262047 21.46443061093705 
0.0 0.0 0.0 0.0 0.0 
0.0 0.0 0.0 0.0 0.0 
0.0 0.0 0.0 0.0 0.0 
326.74753787503835 315.82175578857914 307.97431367906955 419.4345812600732 337.69643306941805 
358.6338456250254 354.0771903407169 354.1489430801995 397.9255131535327 356.72720807426856 
859.3183742870566 730.5150409283252 797.3145074698837 723.4953991868231 747.2422677119214 
536.0079245610008 607.3149291722468 561.0439875727054 538.2649944837409 559.9805408478489 
586.257496600968 810.42591025651 584.4925968231603 720.0500858730948 644.4235591458204 
299.63528438132704 393.9679669883181 296.36535958627894 307.04915801406815 312.6813584424501 
281.89789310698126 284.4417614624726 289.6373338166937 372.66950061617064 288.42564714618993 
349.06321451497803 353.5019278696531 347.2985452735959 437.11743979359176 369.89717483936505 
717.6153034183372 730.8126668296461 491.26768189793347 812.3236582961824 722.0510031277163 
395.18175580460405 392.9484704953148 408.7109275323726 390.7105967149409 377.7605036306497 
165.71469218077863 383.69022631729325 479.68795591849613 372.3278829190971 438.25083620417143 
14.324835929806778 215.17811762067365 156.53996894655663 150.12614535828652 161.58614275794406 
0.0 0.0 0.0 0.0 0.0 
0.0 0.0 0.0 0.0 0.0 
0.0 0.0 0.0 17.54468462327881 0.0 
277.25710332761855 257.9144252318483 348.56397742350566 299.11346435898963 259.9457559742258 
375.68630586503747 336.03239512533463 280.6099790242264 331.9443900891754 328.78141883566946 
928.1346010995533 819.1356217241131 766.8368638158958 803.5698173384501 809.8254164928551 
221.26401830683037 303.9809345462536 313.02483013573146 258.9219736704358 316.6329141173219 
283.81904044406707 419.818372628215 306.7423306399242 307.4902679113933 339.132526211329 
92.45268281191653 289.6193557969587 177.2881715515269 198.98761913172277 210.05768719282935 
205.63285068281328 129.3035739098632 101.24901320620832 120.84734172517884 135.6633530591389 
0.0 0.0 0.0 93.7884707579764 0.0 
165.25684676577595 97.95467596339421 47.06851463193493 103.39513785964239 105.6960566062004 
85.4366565161453 224.09492670688917 179.07060721126908 161.40582588640393 175.38724854780028 
396.48453025773495 544.9844496618273 462.832943549137 484.3593389842484 470.4318586869724 
112.74611701365103 339.9648370371597 156.29195602409118 109.77910558501043 233.40884144515653 
314.37743669142816 435.4722261618252 336.0000614000408 347.0996639970328 351.12908961166056 
202.93807102181688 161.3567534672839 205.49331707178715 235.59376357244827 294.1615524323716 
282.4292121576742 430.9413759003932 317.71350517867165 320.25497208758065 341.8460825196223 
65.34019446034318 430.91958669742206 54.66451899011164 209.2478200843242 252.87769841979545 
140.87731548389525 461.0957040231389 116.68778486362632 268.65780634632443 340.33547319556664 
23.921628133901788 86.93837456417208 290.65557059866205 131.68535770894272 206.8413045804112 
247.1627102662042 525.5997282545966 346.93007284909066 361.28151208548013 445.2344936029853 
-150.35664706527714 167.9496555355505 -65.82948868688794 28.7867143894091 29.68892751502417 
125.64015246633667 200.15208333451037 269.1825196307168 211.4776125402999 214.00552949584124 
102.50059605271 0.0 0.0 88.43758960109722 32.92394422390142 
37.486831053465465 286.5500465953581 37.677347272186346 75.85499312575001 79.21938027787711 
92.60922280118305 286.8232855276757 1.3114317747760438 61.7602105576362 81.94513465426088 
18.474735437142247 31.90611024804424 62.14297271704004 18.978257678203583 90.12586509940303 
104.59436770922399 0.0 0.0 0.0 0.0 
89.69114711960174 79.16305614154128 221.6758960679348 35.15863659997069 146.8225641549172 
0.0 0.0 0.0 0.0 0.0 
0.0 0.0 0.0 0.0 0.0 
0.0 0.0 0.0 0.0 0.0 
0.0 0.0 0.0 0.0 0.0 
0.0 0.0 0.0 0.0 0.0 
0.0 0.0 0.0 0.0 0.0 
0.0 0.0 0.0 0.0 0.0 
0.0 0.0 0.0 0.0 0.0 
309.7648084644743 306.21394205574074 354.60019692867877 315.27001098881954 297.6413756966402 
286.3167365038251 397.53172745188755 288.8453920895471 299.9885567912421 313.7380374195693 
348.48990878939225 354.5791501883114 469.19895589490216 392.0678196614007 334.9446874453362 
253.16981731278366 254.3113962872795 293.3747739324326 262.1180874609639 251.28575278866953 
229.97305254321702 230.28407958665755 232.92421752544476 243.0827025690315 221.36926762708137 
213.57322188370318 205.46666791379718 267.27781977973586 218.71178438617255 205.03971387783628 
164.30464844857747 257.47288367014596 178.77953970599782 211.67924722237206 248.99014109279426 
331.8761793112831 340.4853910370186 421.9582984348134 340.694713209729 340.6157694339371 
0.0 0.0 0.0 0.0 0.0 
0.0 0.0 0.0 0.0 0.0 
0.0 0.0 0.0 0.0 0.0 
0.0 0.0 0.0 0.0 0.0 
0.0 0.0 0.0 0.0 0.0 
0.0 0.0 0.0 0.0 0.0 
0.0 0.0 0.0 0.0 0.0 
0.0 0.0 0.0 0.0 0.0 
108.91921443158826 164.71285949593016 18.848938630486817 123.0631438092368 142.98322142663272 
22.338180559224625 101.3638130626162 74.13415139270316 47.41061178564107 105.48708288627493 
0.0 0.0 0.0 0.0 0.0 
0.0 0.0 60.697273384342886 0.0 0.0 
0.0 0.0 0.0 0.0 0.0 
229.01002513027163 237.67068803387588 281.83482047441345 239.75404755222326 242.74316288779113 
198.4538918386557 214.60714900041964 252.843835821836 209.77671425108517 207.71168737024976 
259.9616872556711 288.46642554247813 345.13961526562787 298.4975741986296 304.86385404413807 
845.0035670186821 810.5530892244334 852.0662411998929 745.39705375781 749.3123506974473 
518.830336177035 476.6755787184183 484.46708618212773 498.63654328859246 488.3178637814079 
588.6428347122895 724.0628351286985 615.9155356533356 675.6326617267803 616.4796750889868 
516.306410892673 525.5300905971326 589.5135201934053 517.1764432164174 526.1396373116563 
735.36171389207 660.900741624348 799.9167666660018 668.4222829234576 641.193482422056 
439.37547721814167 450.5100376132665 507.3505160220488 441.7162601985662 462.78057488962315 
432.3458697861477 494.3553999678711 411.60547909552827 430.6872641115772 445.78815774411305 
381.1919919465555 378.3083793599614 378.37425833034337 376.23863853801373 351.8574696025703 
0.0 0.0 0.0 0.0 0.0 
0.0 0.0 0.0 0.0 0.0 
0.0 0.0 0.0 0.0 0.0 
0.0 0.0 0.0 0.0 0.0 
0.0 0.0 0.0 0.0 0.0 
0.0 0.0 0.0 0.0 0.0 
0.0 0.0 0.0 0.0 0.0 
0.0 0.0 0.0 0.0 0.0 
0.0 0.0 0.0 0.0 0.0 
0.0 0.0 0.0 0.0 0.0 
0.0 0.0 0.0 0.0 0.0 
0.0 0.0 2.083602054193622 0.0 0.0 
0.0 0.0 0.0 0.0 0.0 
0.0 0.0 0.0 0.0 0.0 
0.0 0.0 0.0 0.0 0.0 
0.0 0.0 0.0 0.0 0.0 
0.0 78.58544497753198 100.7404162216144 62.48035216410143 72.13402831067373 
53.577930994338686 93.5205398949699 218.5364357139278 53.577930994338686 173.23728795398776 
2.7832433842098836 0.0 0.0 28.1167728450518 0.0 
0.0 44.2473036218292 98.15233270325072 27.031021708535945 53.113596634165035 
0.0 0.0 145.98732343081778 0.0 0.0 
0.0 0.0 0.0 0.0 0.0 
0.0 29.46666666666666 0.0 0.0 2.7832433842098836 
0.0 0.0 103.35965884480832 0.0 0.0 
0.0 0.0 0.0 1.3574823432179113 0.29882521340949725 
0.0 0.0 218.47440337013919 55.11899248292358 146.33062618797172 
0.0 0.0 109.86838690184115 0.0 0.0 
0.0 85.84611353924763 306.57294379621817 0.0 135.86578236144925 
0.0 0.0 0.0 0.0 0.0 
0.0 0.0 0.0 0.0 0.0 
0.0 0.0 0.0 0.0 0.0 
0.0 0.19180701170299475 0.11919792257645555 0.0 0.27084288633764625 
0.0 0.0 6.027890391728285 0.0 0.0 
7.038843605589203 18.988866635242548 63.922371741485414 27.689855847129028 21.986834842778453 
0.0 0.0 7.073503044059332 0.0 0.0 
2.968469943905112 7.088066038392466 17.570078732427017 0.0 5.490885728138574 
0.0 0.0 0.0 0.0 0.0 
0.0 0.0 0.0 0.0 0.0 
0.0 0.0 6.373459533856132 0.0 0.0 
0.0 0.0 0.0 0.0 0.0 
0.0 0.0 0.0 0.0 0.0 
0.0 0.0 0.0 0.0 0.0 
0.0 0.0 0.0 0.0 0.0 
0.0 0.0 0.0 0.0 0.0 
0.0 0.0 0.0 0.0 0.0 
0.0 97.92044919266061 231.2752670728618 148.97074864378104 152.199909115762 
0.0 0.0 74.32743928307005 0.0 0.0 
81.77377774308664 86.41007947858562 287.1052312954761 198.52523589427005 233.49446963760053 
0.0 0.0 0.0 0.0 0.0 
0.0 0.0 0.0 0.0 0.0 
0.0 0.0 0.0 0.0 0.0 
0.0 0.0 0.0 0.0 0.0 
0.0 0.0 0.0 0.0 0.0 
0.0 237.61695184389907 0.0 0.0 0.0 
616.8286764941047 617.398637669233 479.1639606440244 686.1722930899898 610.5002984835453 
602.6593746702916 601.6075121301761 578.873830489247 679.0882497689919 602.8861827298309 
0.0 0.0 104.6454063214232 74.55079636268346 95.01545270679789 
0.0 0.0 0.0 0.0 0.0 
0.0 0.0 0.0 0.0 0.0 
0.0 0.0 0.0 0.0 0.0 
0.0 0.0 0.0 0.0 0.0 
127.59890034481631 135.15954000984658 117.3187697617202 163.67970635539717 124.98521005602117 
230.66184341272685 222.2470973050227 233.7369786045548 224.7565260373461 228.46755854836263 
193.06817293019802 206.65176643718638 206.8424665126442 213.23676186590387 202.9209036879514 
136.72542163316717 213.91647224943193 113.21684800189789 307.6959028656819 273.7578379715969 
246.91413627524366 353.660728393457 444.11771964605344 343.9705904292121 391.642046459617 
90.25057455847151 200.61835021271594 207.49357869118728 320.65365917730645 218.51396219158585 
290.1879116355124 329.0181750191341 373.4463391356714 331.35123482398393 320.0539857406293 
272.0982548428246 0.0 0.0 100.78445977916797 82.30228732233 
319.7929152128236 323.50653470111206 585.7238416246568 324.7185634912406 326.6805333861158 
148.85543958899044 435.59890777484094 301.7380839803919 218.95078963765124 249.68770471326926 
299.13570658210097 303.7704362869954 357.85187155954634 271.93718350127176 325.3163756815742 
0.0 0.0 0.0 0.0 0.0 
0.0 0.0 0.0 0.0 0.0 
0.0 0.0 0.0 0.0 0.0 
0.0 0.0 0.0 0.0 0.0 
0.0 0.0 0.0 0.0 0.0 
0.0 0.0 0.0 0.0 0.0 
27.621209264835315 0.0 0.0 0.0 0.0 
951.4644628181397 816.4871170449164 783.1803983992281 762.8160357836555 861.7832359746784 
0.0 0.0 0.0 0.0 0.0 
0.0 0.0 0.0 0.0 0.0 
0.0 0.0 0.0 0.0 0.0 
0.0 0.0 0.0 0.0 0.0 
0.0 0.0 0.0 0.0 0.0 
0.0 0.0 0.0 0.0 0.0 
0.0 0.0 0.0 0.0 0.0 
0.0 0.0 0.0 0.0 0.0 
0.0 0.0 0.0 0.0 0.0 
0.0 0.0 0.0 0.0 0.0 
0.0 0.0 0.0 0.0 0.0 
0.0 0.0 0.0 0.0 0.0 
0.0 0.0 0.0 0.0 0.0 
0.0 0.0 0.0 0.0 0.0 
0.0 0.0 0.0 0.0 0.0 
0.0 0.0 0.0 0.0 0.0 
0.0 0.0 0.0 0.0 0.0 
47.85817429786165 0.0 12.191808655556024 15.620908090822045 16.561129381440566 
12.049968002552745 0.0 0.0 0.0 0.0 
43.72601796225227 10.267029402274051 14.923801398126127 12.307908771398496 28.467422939705216 
0.0 0.0 0.0 0.0 0.0 
0.0 0.0 0.0 0.0 0.0 
0.0 0.0 0.0 0.0 0.0 
0.0 0.0 0.0 0.0 0.0 
0.0 0.0 0.0 0.0 0.0 
0.0 0.0 0.0 0.0 0.0 
0.0 0.0 0.0 0.0 0.0 
12.143878454141632 2.5018640316614977 1.0728459150211855 4.345539703381603 6.924621493257405 
0.0 0.0 0.0 0.0 0.0 
0.0 0.0 0.0 0.0 0.0 
0.0 0.0 0.0 0.0 0.0 
0.0 0.0 0.0 0.0 0.0 
0.0 0.0 0.0 0.0 0.0 
0.0 0.0 0.0 0.0 0.0 
0.0 0.0 0.0 0.0 0.0 
0.0 0.0 0.0 0.0 0.0 
0.0 0.0 0.0 0.0 0.0 
0.0 0.0 0.0 0.0 0.0 
0.0 0.0 0.0 0.0 0.0 
0.0 0.0 0.0 0.0 0.0 
0.0 0.0 -234.33333333333334 387.5548278322811 297.6251299006798 
0.0 0.0 0.0 0.0 0.0 
0.0 0.0 0.0 0.0 0.0 
0.0 0.0 0.0 0.0 0.0 
0.0 0.0 0.0 0.0 0.0 
0.0 0.0 0.0 0.0 0.0 
267.5882953829423 270.38781985048934 172.80195776100277 388.1542550487594 278.3436447934859 
315.99839637979744 336.16068551670384 315.4333433126016 397.0430873940354 345.5283725076133 
263.5271940149684 165.75964344913 83.9695722605095 165.04071518333527 178.31284523940099 
0.0 0.0 0.0 0.0 0.0 
0.0 0.0 0.0 0.0 0.0 
0.0 0.0 0.0 0.0 0.0 
0.0 0.0 0.0 0.0 0.0 
0.0 0.0 0.0 0.0 0.0 
257.24360721533844 195.6957137175008 191.63116086280758 225.11259767018024 224.76860190436477 
215.64525724817878 230.05251655713008 219.0862071145886 323.20899364859025 248.31623381789646 
310.5421638896706 136.78102054302565 378.9063457307996 281.1974439749433 302.5940503389988 
470.8691161033503 446.53234873784504 169.0540703196094 434.86798539372217 419.8868412453399 
219.67917245452995 162.01830522342925 162.96596648780212 163.13365102869412 245.61508501580715 
408.8030253859615 309.1648196878823 290.7680561983006 282.74477040072105 345.61855638543466 
581.492852378434 106.20552593417148 79.13954146407244 33.50382651170013 477.30118928058846 
0.0 132.99671457989234 37.021168953980656 21.276759783630766 305.109024226174 
467.30495556892976 522.3055230159184 148.32764464752688 383.56160755131634 446.7353343010354 
389.43655098818857 347.8452401583259 342.3839359999131 353.2689490044019 360.93558999493473 
0.0 0.0 0.0 0.0 0.0 
0.0 0.0 0.0 0.0 0.0 
0.0 0.0 0.0 0.0 0.0 
0.0 0.0 0.0 0.0 0.0 
0.0 0.0 0.0 0.0 0.0 
0.0 0.0 0.0 0.0 0.0 
0.0 0.0 0.0 0.0 0.0 
0.0 0.0 0.0 0.0 0.0 
12.517862210170467 137.685141866933 0.0 0.0 23.049556949660552 
29.842807433562154 1.8880597525466964 6.437168631458151 3.9870606003240647 12.630249765964898 
0.0 72.49287941488214 0.0 2.818378801321276 4.246357393990722 
0.0 0.0 0.0 0.0 0.0 
0.0 0.0 0.0 0.0 0.0 
0.0 0.0 0.0 0.0 0.0 
0.0 0.0 0.0 0.0 0.0 
0.0 0.0 0.0 0.0 0.0 
0.0 0.0 0.0 0.0 0.0 
26.672775561856927 0.9498529139162368 0.0 0.0 2.2266024219449045 
0.0 0.0 0.0 0.0 0.9499419876528823 
0.0 0.0 0.0 0.0 0.0 
0.0 0.0 0.0 0.0 0.0 
0.0 0.0 0.0 0.0 0.0 
0.0 0.0 0.0 0.0 0.0 
0.0 0.0 0.0 0.0 0.0 
0.0 0.0 0.0 0.0 0.0 
0.0 58.503077267763935 1.7875807770893706 0.0 8.077216844626045 
0.0 0.0 0.0 0.0 3.520087124728365 
19.89558014249966 6.8877582708034275 6.202921536378935 9.760576691514567 12.368374530116508 
0.0 0.0 0.0 0.0 0.0 
0.0 0.0 0.0 0.0 0.0 
0.0 0.0 0.0 0.0 0.0 
0.0 0.0 0.0 0.0 0.0 
0.0 0.0 0.0 0.0 0.0 
0.0 0.0 0.0 0.0 0.0 
0.0 0.0 0.0 0.0 0.0 
0.0 0.0 0.0 0.0 0.0 
0.0 0.0 0.0 0.0 0.0 
0.0 0.0 0.0 0.0 0.0 
0.0 0.0 0.0 0.0 0.0 
0.0 0.0 0.0 0.0 0.0 
0.0 0.0 0.0 0.0 0.0 
0.0 0.0 0.0 0.0 0.0 
0.0 0.0 0.0 0.0 0.0 
0.0 0.0 0.0 0.0 0.0 
0.0 0.0 0.0 0.0 0.0 
0.0 0.0 0.0 0.0 0.0 
0.0 0.0 0.0 0.0 0.0 
0.0 0.0 0.0 0.0 0.0 
0.0 0.0 0.0 0.0 0.0 
0.0 0.0 0.0 0.0 0.0 
0.0 0.0 0.0 0.0 0.0 
0.0 0.0 0.0 0.0 0.0 
0.0 0.0 0.0 0.0 0.0 
0.0 0.0 0.0 0.0 0.0 
0.0 0.0 0.0 0.0 0.0 
0.0 0.0 0.0 0.0 0.0 
0.0 0.0 0.0 0.0 0.0 
0.0 0.0 0.0 0.0 0.0 
0.0 0.0 0.0 0.0 0.0 
0.0 0.0 0.0 0.0 0.0 
0.0 0.0 0.0 0.0 0.0 
0.0 0.0 0.0 0.0 0.0 
0.0 0.0 0.0 0.0 0.0 
0.0 0.0 0.0 0.0 0.0 
240.97466909432646 351.335605078655 237.51396590491646 188.468296981597 316.3367975471442 
353.2730265650689 475.35374439820566 391.72654885939 387.6117304970384 405.81761444891873 
60.28845748351803 292.16317115804503 116.7613640232432 109.11832152148935 202.8911970854144 
241.91343113103468 280.74242752020103 204.5969160591877 167.13943099343166 251.57317126828127 
93.21426389908895 0.0 0.0 0.0 0.0 
0.0 0.0 0.0 0.0 0.0 
0.0 0.0 0.0 0.0 0.0 
0.0 0.0 0.0 0.0 0.0 
0.0 97.20009693056984 0.0 0.0 32.12547855989628 
7.865684118515402 0.0 8.795321079690167 23.777888470303058 21.380045356961862 
0.0 0.0 0.0 0.0 0.0 
0.0 0.0 0.0 0.0 0.0 
0.0 0.0 0.0 0.0 0.0 
158.9200550490618 185.13286882484908 255.0223244392071 178.8627264718327 215.87790209389146 
230.97774266819192 193.1081610222141 215.93952493457522 217.83444802394382 219.297315560442 
135.1931962386552 159.62736556067358 149.44114932543576 131.05935993422503 141.13086653017228 
0.0 0.0 0.0 0.0 0.0 
0.0 0.0 0.0 0.0 0.0 
0.0 0.0 0.0 0.0 0.0 
0.0 0.0 0.0 0.0 0.0 
0.0 0.0 0.0 0.0 0.0 
0.0 0.0 0.0 0.0 0.0 
0.0 0.0 0.0 0.0 0.0 
0.0 0.0 0.0 0.0 0.0 
0.0 0.0 19.37860023366437 0.0 0.0 
55.038386727712314 103.85749268286439 12.585418561628993 54.631951620815784 78.14103438695565 
2.34791291941997 0.0 7.411341286047886 0.0 24.698378311474443 
0.345280646538292 0.384468135749972 12.192845872550656 0.8374770491865708 2.6435512916242767 
15.866666666666667 0.0 0.0 17.430145753163117 0.0 
86.91071032443048 88.42205295453317 153.04520450674042 76.21772261189493 71.52268093435453 
474.1549911036318 649.8712009056908 467.33580796804256 463.16915355327006 547.9620073663198 
235.593375762633 634.1866358445923 509.57027578376585 506.11717949268484 555.4472390934156 
0.0 0.0 0.0 0.0 39.99878436071002 
29.31802656505873 27.9157380894187 18.100050366725196 18.590647202509807 27.82189000681992 
27.68861965154354 67.09034780815763 4.27257153569714 0.0 38.28309062607572 
24.78948735534082 31.525186393907422 12.287527525194943 13.224835646854945 22.798845979331972 
0.0 97.64127821505508 0.0 0.0 55.056420165138064 
0.0 0.0 0.0 0.0 0.0 
0.0 0.0 0.0 0.0 0.0 
0.0 0.0 0.0 0.0 0.0 
0.0 0.0 0.0 0.0 0.0 
0.0 0.0 0.0 0.0 0.0 
0.0 0.0 0.0 0.0 0.0 
0.0 0.0 0.0 0.0 0.0 
0.0 0.0 0.0 0.0 0.0 
0.0 0.0 0.0 0.0 0.0 
0.0 0.0 0.0 0.0 0.0 
0.0 0.0 0.0 0.0 0.0 
0.0 49.14166680184427 0.0 0.0 0.0 
0.0 0.0 0.0 0.0 0.0 
0.0 0.0 0.0 0.0 0.0 
0.0 0.0 0.0 0.0 0.0 
0.0 0.0 0.0 0.0 0.0 
0.0 118.22990420815479 0.0 33.370327326531005 46.7306644193491 
0.0 0.0 0.0 0.0 0.0 
54.260726647088156 193.3431011260713 39.29178593111854 77.68442214834361 86.63920972426476 
0.0 0.0 0.0 0.0 0.0 
0.0 0.0 0.0 0.0 0.0 
0.0 0.0 0.0 0.0 0.0 
0.0 0.0 0.0 0.0 0.0 
0.0 0.0 0.0 0.0 0.0 
0.0 0.0 0.0 0.0 0.0 
0.0 0.0 0.0 0.0 0.0 
0.0 0.0 0.0 0.0 0.0 
0.0 138.57916852072452 91.12500164054458 111.95072694705362 105.75946082571107 
15.344159356660702 76.13224113973388 20.715292396562827 44.20819740439867 40.68797779089351 
0.0 0.0 0.0 0.0 0.0 
0.0 0.0 0.0 0.0 0.0 
0.0 0.0 78.94834811948061 0.0 0.0 
172.47593395720264 179.21727027843642 214.08581515149862 171.3968404827299 170.78219746133632 
226.06038636018707 232.1874345287178 283.6598264608242 228.7497223663093 233.70502345090168 
209.35848586044557 224.74078113972976 272.6088014945127 227.21608553860347 228.11736818399336 
0.0 148.09366200095974 0.0 66.8207245681329 249.07978335867628 
149.82732131313995 208.08116545991365 385.2074971751813 308.8834322784635 327.30786494278414 
140.0013099821053 492.99631610605843 379.52697261410344 413.8273967333234 441.20831514172505 
299.5882015545782 313.71050374942814 282.4586832130319 291.7711163435325 271.75553746318025 
379.39631587626866 399.7761145013826 0.0 0.0 316.1187999803662 
132.53738639281013 182.93854904797385 367.762450235992 197.39150921670438 310.8897319553015 
190.26099984901006 102.82554017300616 288.9242123827006 108.46519007160175 238.54857672853427 
203.93707190094318 261.87015438125746 366.7031248712779 267.08469352675223 302.58539635235456 
0.0 0.0 0.0 0.0 0.0 
0.0 0.0 0.0 0.0 0.0 
0.0 0.0 0.0 0.0 0.0 
0.0 0.0 0.0 0.0 0.0 
0.0 0.0 0.0 0.0 0.0 
0.0 0.0 0.0 0.0 0.0 
0.0 0.0 0.0 0.0 0.0 
0.0 0.0 0.0 0.0 0.0 
0.0 0.0 0.0 0.0 0.0 
0.0 0.0 0.0 0.0 0.0 
0.0 0.0 0.0 0.0 0.0 
0.0 0.0 0.0 0.0 0.0 
0.0 0.0 0.0 0.0 0.0 
0.0 0.0 0.0 0.0 0.0 
0.0 0.0 0.0 0.0 0.0 
0.0 0.0 0.0 0.0 0.0 
0.0 0.0 0.0 0.0 0.0 
0.0 0.0 0.0 0.0 0.0 
0.0 0.0 0.0 0.0 0.0 
0.0 0.0 0.0 0.0 0.0 
0.0 0.0 0.0 0.0 0.0 
0.0 0.0 0.0 0.0 0.0 
0.0 0.0 0.0 0.0 0.0 
0.0 0.0 0.0 0.0 0.0 
0.0 0.0 0.0 0.0 0.0 
0.0 0.0 0.0 0.0 0.0 
0.0 0.0 0.0 0.0 0.0 
0.0 0.0 0.0 0.0 0.0 
0.0 0.0 0.0 0.0 0.0 
0.0 0.0 0.0 0.0 0.0 
0.0 0.0 0.0 0.0 0.0 
0.0 0.0 0.0 0.0 0.0 
0.0 0.0 0.0 0.0 0.0 
0.0 0.0 0.0 0.0 0.0 
0.0 0.0 0.0 0.0 0.0 
0.0 0.0 0.0 0.0 0.0 
0.0 0.0 0.0 0.0 0.0 
0.0 0.0 0.0 0.0 0.0 
0.0 0.0 0.0 0.0 0.0 
0.0 0.0 0.0 0.0 0.0 
0.0 0.0 0.0 0.0 0.0 
0.0 0.0 0.0 0.0 0.0 
0.0 0.0 0.0 0.0 0.0 
0.0 0.0 0.0 0.0 0.0 
0.0 0.0 0.0 0.0 0.0 
0.0 0.0 0.0 0.0 0.0 
0.0 0.0 0.0 0.0 0.0 
0.0 0.0 0.0 0.0 0.0 
0.0 0.0 0.0 0.0 0.0 
0.0 0.0 0.0 0.0 0.0 
0.0 0.0 0.0 0.0 0.0 
0.0 0.0 0.0 0.0 0.0 
0.0 0.0 0.0 0.0 0.0 
0.0 0.0 0.0 0.0 0.0 
0.0 0.0 0.0 0.0 0.0 
0.0 0.0 0.0 0.0 0.0 
0.0 0.0 0.0 0.0 0.0 
0.0 0.0 0.0 0.0 0.0 
0.0 0.0 0.0 0.0 0.0 
0.0 0.0 0.0 0.0 0.0 
0.0 0.0 0.0 0.0 0.0 
0.0 0.0 0.0 0.0 0.0 
0.0 0.0 0.0 0.0 0.0 
0.0 0.0 0.0 0.0 0.0 
0.0 0.0 0.0 0.0 0.0 
0.0 0.0 0.0 0.0 0.0 
0.0 0.0 0.0 0.0 0.0 
0.0 0.0 0.0 0.0 0.0 
0.0 0.0 0.0 0.0 0.0 
0.0 0.0 0.0 0.0 0.0 
0.0 0.0 0.0 0.0 0.0 
0.0 0.0 0.0 0.0 0.0 
0.0 0.0 0.0 0.0 0.0 
0.0 0.0 0.0 0.0 0.0 
0.0 0.0 0.0 0.0 0.0 
0.0 0.0 0.0 0.0 0.0 
0.0 0.0 0.0 0.0 0.0 
0.0 0.0 0.0 0.0 0.0 
0.0 0.0 0.0 0.0 0.0 
0.0 0.0 0.0 0.0 0.0 
0.0 0.0 0.0 0.0 0.0 
0.0 0.0 0.0 0.0 0.0 
0.0 0.0 0.0 0.0 0.0 
0.0 0.0 0.0 0.0 0.0 
0.0 0.0 0.0 0.0 0.0 
0.0 0.0 0.0 0.0 0.0 
0.0 0.0 0.0 0.0 0.0 
0.0 0.0 0.0 0.0 0.0 
0.0 0.0 0.0 0.0 0.0 
0.0 0.0 0.0 0.0 0.0 
0.0 0.0 0.0 0.0 0.0 
0.0 0.0 0.0 0.0 0.0 
0.0 0.0 0.0 0.0 0.0 
0.0 0.0 0.0 0.0 0.0 
0.0 0.0 0.0 0.0 0.0 
0.0 0.0 0.0 0.0 0.0 
0.0 0.0 0.0 0.0 0.0 
0.0 0.0 0.0 0.0 0.0 
0.0 0.0 0.0 0.0 0.0 
0.0 0.0 0.0 0.0 0.0 
0.0 0.0 0.0 0.0 0.0 
0.0 0.0 0.0 0.0 0.0 
0.0 0.0 0.0 0.0 0.0 
0.0 0.0 0.0 0.0 0.0 
0.0 0.0 0.0 0.0 0.0 
0.0 0.0 0.0 0.0 0.0 
0.0 0.0 0.0 0.0 0.0 
0.0 0.0 0.0 0.0 0.0 
0.0 0.0 0.0 0.0 0.0 
0.0 0.0 0.0 0.0 0.0 
0.0 0.0 0.0 0.0 0.0 
0.0 0.0 0.0 0.0 0.0 
86.42040388439385 104.32045798598482 81.9994333820906 134.03803876757203 169.38701119241017 
0.0 0.0 0.0 0.0 0.0 
0.0 0.0 0.0 0.0 0.0 
0.0 0.0 0.0 0.0 0.0 
38.265402764199315 37.52040682107702 0.0 109.52907769415135 60.5382387920635 
180.67505624404896 183.23006528952342 184.80132178804678 201.27057792489128 191.0748256360751 
256.2122283265973 258.3485067895087 253.22005244519107 298.83391707589385 250.8488015415353 
217.46694697033422 223.6999896414249 219.18521625627582 237.28493023915428 217.95868559085918 
0.0 0.0 0.0 0.0 0.0 
0.0 0.0 0.0 0.0 0.0 
0.0 0.0 0.0 0.0 0.0 
0.0 0.0 0.0 0.0 0.0 
0.0 0.0 0.0 0.0 0.0 
0.0 0.0 0.0 0.0 0.0 
0.0 0.0 0.0 0.0 0.0 
0.0 0.0 0.0 0.0 0.0 
0.0 0.0 0.0 0.0 0.0 
0.0 0.0 0.0 0.0 0.0 
0.0 0.0 0.0 0.0 0.0 
0.0 0.0 0.0 0.0 0.0 
0.0 0.0 0.0 0.0 0.0 
0.0 0.0 0.0 0.0 0.0 
0.0 0.0 0.0 0.0 0.0 
0.0 0.0 0.0 0.0 0.0 
8.452720529317217 0.0 0.0 379.03069497278824 332.1007820017604 
0.0 0.0 0.0 0.0 0.0 
0.0 0.0 0.0 0.0 0.0 
0.0 0.0 0.0 0.0 0.0 
213.1303864306065 113.8466271796247 91.49981039794618 232.1705515613251 238.70081791162266 
244.04137909141045 249.15435694868762 246.95387233983897 354.14703009694153 304.894687025308 
365.85490536171994 487.90785933518526 404.52208845677336 431.9074508913702 382.7093544284946 
315.4928363897868 309.3640252694265 316.30949985566235 348.5392524033727 318.930241073352 
0.0 0.0 0.0 0.0 0.0 
0.0 0.0 0.0 0.0 0.0 
0.0 0.0 0.0 0.0 0.0 
0.0 0.0 0.0 0.0 0.0 
0.0 0.0 0.0 0.0 0.0 
0.0 0.0 0.0 0.0 0.0 
0.0 0.0 0.0 0.0 0.0 
0.0 0.0 0.0 0.0 0.0 
0.0 0.0 0.0 0.0 0.0 
0.0 0.0 0.0 0.0 0.0 
0.0 0.0 0.0 0.0 0.0 
0.0 0.0 0.0 0.0 0.0 
0.0 0.0 0.0 0.0 0.0 
0.0 0.0 0.0 0.0 0.0 
0.0 0.0 0.0 0.0 0.0 
0.0 0.0 0.0 0.0 0.0 
0.0 0.0 0.0 0.0 0.0 
0.0 0.0 0.0 0.0 0.0 
0.0 0.0 0.0 0.0 0.0 
0.0 0.0 0.0 0.0 0.0 
0.0 0.0 0.0 0.0 0.0 
0.0 0.0 0.0 0.0 0.0 
0.0 0.0 0.0 0.0 0.0 
0.0 0.0 0.0 0.0 0.0 
0.0 0.0 0.0 0.0 0.0 
0.0 0.0 0.0 0.0 0.0 
0.0 0.0 0.0 0.0 0.0 
0.0 0.0 0.0 0.0 0.0 
0.0 0.0 0.0 0.0 0.0 
0.0 0.0 0.0 0.0 0.0 
0.0 0.0 0.0 0.0 0.0 
0.0 0.0 0.0 0.0 0.0 
0.0 0.0 0.0 0.0 0.0 
0.0 0.0 0.0 0.0 0.0 
0.0 0.0 0.0 0.0 0.0 
0.0 0.0 0.0 0.0 0.0 
0.0 0.0 0.0 0.0 0.0 
0.0 0.0 0.0 0.0 0.0 
0.0 0.0 0.0 0.0 0.0 
0.0 0.0 0.0 0.0 0.0 
0.0 0.0 0.0 0.0 0.0 
0.0 0.0 0.0 0.0 0.0 
0.0 0.0 0.0 0.0 0.0 
0.0 0.0 0.0 0.0 0.0 
0.0 0.0 0.0 0.0 0.0 
0.0 0.0 0.0 0.0 0.0 
0.0 0.0 0.0 0.0 0.0 
0.0 0.0 0.0 0.0 0.0 
0.0 0.0 0.0 0.0 0.0 
0.0 0.0 0.0 0.0 0.0 
0.0 0.0 0.0 0.0 0.0 
0.0 0.0 0.0 0.0 0.0 
0.0 0.0 0.0 0.0 0.0 
0.0 0.0 0.0 0.0 0.0 
0.0 0.0 0.0 0.0 0.0 
0.0 0.0 0.0 0.0 0.0 
0.0 0.0 0.0 0.0 0.0 
0.0 0.0 0.0 0.0 0.0 
0.0 0.0 0.0 0.0 0.0 
0.0 0.0 0.0 0.0 0.0 
0.0 0.0 0.0 0.0 0.0 
0.0 0.0 0.0 0.0 0.0 
0.0 0.0 0.0 0.0 0.0 
0.0 0.0 0.0 0.0 0.0 
0.0 0.0 0.0 0.0 0.0 
0.0 0.0 0.0 0.0 0.0 
0.0 0.0 0.0 0.0 0.0 
0.0 0.0 0.0 0.0 0.0 
0.0 0.0 0.0 0.0 0.0 
0.0 0.0 0.0 0.0 0.0 
0.0 0.0 0.0 0.0 0.0 
0.0 0.0 0.0 0.0 0.0 
0.0 0.0 0.0 0.0 0.0 
0.0 0.0 0.0 0.0 0.0 
0.0 0.0 0.0 0.0 0.0 
0.0 0.0 0.0 0.0 0.0 
0.0 0.0 0.0 0.0 0.0 
0.0 0.0 0.0 0.0 0.0 
0.0 0.0 0.0 0.0 0.0 
0.0 0.0 0.0 0.0 0.0 
163.98451578340672 288.2421650124945 239.50751997477388 239.4298022088131 258.2913853095649 
223.87865088586372 274.0578755114393 227.53363417100886 237.03766354194406 243.04539333113547 
149.26170423847321 232.75031856566443 89.06338309495749 171.88431188979175 184.5067890894727 
0.0 0.0 0.0 0.0 0.0 
0.0 0.0 0.0 0.0 0.0 
0.0 0.0 0.0 0.0 0.0 
0.0 0.0 0.0 0.0 0.0 
0.0 0.0 0.0 0.0 0.0 
0.0 0.0 0.0 0.0 0.0 
0.0 0.0 0.0 0.0 0.0 
0.0 0.0 0.0 0.0 0.0 
0.0 0.0 0.0 0.0 0.0 
0.0 0.0 0.0 0.0 0.0 
0.0 0.0 0.0 0.0 0.0 
0.0 0.0 0.0 0.0 0.0 
0.0 0.0 0.0 0.0 0.0 
0.0 0.0 0.0 0.0 0.0 
0.0 0.0 0.0 0.0 0.0 
0.0 0.0 0.0 0.0 0.0 
0.0 0.0 0.0 0.0 0.0 
0.0 0.0 0.0 0.0 0.0 
0.0 0.0 0.0 0.0 0.0 
0.0 0.0 0.0 0.0 0.0 
0.0 0.0 0.0 0.0 0.0 
0.0 0.0 0.0 0.0 0.0 
0.0 0.0 0.0 0.0 0.0 
0.0 0.0 0.0 0.0 0.0 
0.0 0.0 0.0 0.0 0.0 
0.0 0.0 0.0 0.0 0.0 
0.0 0.0 0.0 0.0 0.0 
0.0 0.0 0.0 0.0 0.0 
0.0 0.0 0.0 0.0 0.0 
0.0 0.0 0.0 0.0 0.0 
0.0 0.0 0.0 0.0 0.0 
0.0 0.0 0.0 0.0 0.0 
0.0 0.0 0.0 0.0 0.0 
0.0 0.0 0.0 0.0 0.0 
0.0 0.0 0.0 0.0 0.0 
0.0 0.0 0.0 0.0 0.0 
0.0 0.0 0.0 0.0 0.0 
0.0 0.0 0.0 0.0 0.0 
0.0 0.0 0.0 0.0 0.0 
0.0 0.0 0.0 0.0 0.0 
0.0 0.0 0.0 0.0 0.0 
0.0 0.0 0.0 0.0 0.0 
0.0 0.0 0.0 0.0 0.0 
0.0 0.0 0.0 0.0 0.0 
0.0 0.0 0.0 0.0 0.0 
0.0 0.0 0.0 0.0 0.0 
0.0 0.0 0.0 0.0 0.0 
0.0 0.0 0.0 0.0 0.0 
0.0 0.0 0.0 0.0 0.0 
0.0 0.0 0.0 0.0 0.0 
0.0 0.0 0.0 0.0 0.0 
0.0 0.0 0.0 0.0 0.0 
0.0 0.0 0.0 0.0 0.0 
327.8927104192915 336.52602055350684 315.9295164544439 314.6182987357947 315.7876397810392 
384.94937204704956 429.04503444109827 381.2683132804014 388.82910148578395 384.8639406882932 
515.6760753854163 551.3297784930779 499.9324939733334 513.6141652067719 533.5811484531515 
0.0 0.0 0.0 0.0 0.0 
0.0 0.0 0.0 0.0 0.0 
0.0 0.0 0.0 0.0 0.0 
0.0 0.0 0.0 0.0 0.0 
0.0 0.0 0.0 0.0 0.0 
