139.5802617959945 118.14896864750602 128.03297501887354 117.89016021107464 111.14235368140592 
87.67168066379602 121.96697343519118 93.19454984211944 97.32350883304383 106.32268538941875 
84.63097746534577 113.36885972803796 84.87479588764089 116.07596766798056 99.5233333586437 
89.56672382761137 111.55374133666754 90.99643046921794 92.33056478182027 99.92921974874035 
130.65213111273385 113.47964868136225 131.44395544302768 114.85609168817969 114.87639943714325 
88.74157651031997 89.18965023772354 88.3830097421181 99.01687633143437 89.77094336122668 
88.65510793596408 98.56798253154182 88.18882201424763 102.50734702183891 88.82146689213262 
81.57707401486904 69.78340039897893 69.5286627875155 69.67052733313888 69.95453652935018 
62.865772475814 70.87520224140708 55.424181400008024 63.16952647663589 64.0111884006853 
63.675185948710585 63.529366807308264 62.352396825449745 62.79029665653088 58.58957190434938 
59.82264707385784 64.33964507500349 60.09919107867556 56.94851673928239 57.36662375891161 
43.52528884965434 51.77294038696877 43.99671064333995 39.38755929267875 45.55523001473316 
53.98521640730888 54.48714992100636 60.26163162497989 54.44927524056521 53.77624795374111 
54.48732711239409 54.82829718807877 53.91148640061284 61.24424296529823 55.87392589624726 
52.29646576403184 47.36633138982812 47.74080404207257 51.55888414700623 47.08656339105614 
31.298487142895187 51.08108176892228 42.344005730612416 45.55102244107938 46.82571115453674 
28.55181512464542 0.0 25.826474882596717 23.76049791414261 25.4778791474023 
20.209805124734373 38.129166157218755 22.7821434263173 21.211779488393926 28.920366539891575 
23.59725246884696 23.82328656989922 22.33019738154579 22.380455806281894 23.24857966997054 
31.703679991995035 36.76762213049893 35.150035068872484 31.915341562323107 33.91325393862234 
34.44944900004065 35.77969293546931 34.63739464911069 36.9188235344137 33.132272325277214 
27.57409244683982 42.46919999972487 35.81003620675773 46.94551979667979 43.5007185937452 
0.0 0.0 0.0 0.0 0.0 
0.0 0.0 0.0 0.0 0.0 
