818.4242496357762 713.0009989138808 738.279987492925 735.2699926008444 738.9765072043203 
797.4969823557519 721.0790707101778 723.362509782842 714.7725791610729 728.759641922958 
653.5943735371817 568.7431263052811 570.5296763914685 486.9791627936957 573.753880245074 
790.4554415084879 600.0555485856096 586.9283479663212 620.4719502151069 654.3832007288948 
565.1812305646745 590.6878098186396 581.2396812705219 634.6817152342938 640.5797596074301 
886.6561250408017 764.594161511972 780.7424787984341 759.014300100104 797.1635146371294 
879.2478056985094 773.1897284410144 791.8795386441435 780.872912893256 789.4999322302236 
849.3070906871474 768.1457908072738 778.0478795562396 765.7272671888343 770.9521053620813 
540.7775866623566 479.909602827169 480.3679380607379 467.7410348542814 476.2928799407443 
458.44160301622077 417.67328392050933 421.54325971752354 420.77675009360286 420.1562366348796 
316.7452549980642 338.1917542194116 377.76508432049013 338.72332358159537 335.06096787093054 
278.73737005294237 278.16161769393614 282.71930645212194 287.83993804272995 278.54114055898094 
352.8184247640349 378.0879408930618 352.5530271996822 353.86637365080674 348.21078320096643 
529.2940190558294 471.13020307051374 468.09939012866926 473.5525916629452 471.4952575676708 
519.6160232537337 462.35136162432735 460.3662041033623 456.9041807064983 461.32608301210536 
555.190002916798 493.15791740032904 490.42059684323226 484.77597638030215 491.3218621138587 
554.9482706745802 638.5397834984134 572.3260703341188 568.7875337692768 579.0017450918136 
503.1095762263473 581.9858216627941 514.259199964793 524.2648364971328 524.914233008152 
428.2760145446364 461.58642479329257 448.7289965984205 475.93548674723866 445.29049479733806 
334.58657315207023 464.44151093782 353.6062159446078 393.6049831196534 350.34503931115773 
416.0558745890488 547.5831085042951 415.2158949270097 414.9893698291893 436.32407312158824 
555.939789349702 626.4662547646624 555.4869091576807 568.1700571970482 570.0756198981529 
682.6125847338899 770.3594259726408 683.0624405784339 681.2965164925697 683.4034632007906 
557.9323305546799 656.8507679506743 564.8450965259416 575.2277999224009 575.289992871333 
348.83074010560557 402.3159547832588 442.2152105700735 348.52294327294163 383.638110688862 
300.03056877483266 320.63325445166373 317.1132570473691 309.2112131936843 307.43540262785564 
275.0542660464327 276.0560650805224 326.87559874530467 303.6534634062933 280.5961298974171 
211.2189711711491 223.23734599904577 255.2146849988678 237.87602887480577 245.8017994333635 
270.902162129457 302.8525782576163 407.9272628156845 286.63126851160933 316.82703471589855 
353.8584626366461 371.86818331751164 470.772139976107 363.68302957170084 396.6072787277972 
357.1135900571841 342.338139890256 414.4733586820595 358.6630595295797 350.23376261506365 
318.4497572604647 327.38595745396736 451.0772617282157 325.01173404061353 342.16698902714245 
278.79188673296574 302.21679067429653 254.4714749766939 302.7920369371333 295.2690793242166 
232.6677080115892 299.559396791012 353.2797364617772 283.5826151622815 295.3138903303684 
223.0547956471737 234.82737561845352 213.47860945302918 243.6582367117483 217.52319888234828 
170.69657225292406 198.17925234369218 174.04098997985926 164.88217484464653 175.63174207495845 
63.132746609037426 180.92524460992297 177.75241785799338 204.36391250796328 187.54824307278966 
217.0912897296662 222.17964390714263 216.15448361543136 239.55957991766843 218.63397016637606 
298.6342598761656 252.4040817267017 443.43152923025093 265.7723902943204 285.0003831956475 
436.62974937392204 437.87121340460754 539.4497552772201 432.5277131464887 428.66429034446276 
357.40828700223 358.84329186342114 411.7358371999476 361.3568829886712 362.86009947604055 
380.19121445945495 417.34018746957804 492.65964075925046 417.06440030391764 429.5531429146715 
407.90599707528224 409.48819448117223 445.46502206926806 414.92958214015334 403.17538183779624 
369.7183286147876 354.08390470500564 381.2536305199249 358.10722773074144 349.0026576910172 
314.2636589747098 301.93429828907057 341.07910012016487 302.6962584275927 300.6088704686908 
308.3312751712365 308.9192949919122 337.3543283084776 310.60584834642344 309.14787451757655 
309.71370469479626 304.8824212179035 343.240955861189 304.60560662150436 304.6987691134618 
339.1971907047034 343.1168085274318 380.5124691560178 342.7379897634945 342.9861711683409 
587.6631275854509 605.1524006766493 622.4689928655522 685.0101449132678 610.3872652693296 
686.7213165316999 708.4532114484812 702.2117701052213 800.2808543627825 714.5766890765772 
767.0231327027 829.4868822036266 822.2471692303236 970.349121866829 830.0844475019293 
488.5783018061776 481.602632888812 371.58442722529276 665.316721375269 488.5047360002967 
600.8793682641572 577.6001320632272 590.6959303327951 739.4161404670908 628.1785035969579 
572.0745234404772 592.5561233470789 543.8872880522064 710.1425133899025 600.4238777251838 
569.6902017597771 590.7982083065543 566.1509789184377 648.421930521648 583.0858528134668 
452.43316489078876 464.2885331854554 463.5600723122361 519.1237202884752 464.2905331103612 
483.0888634859807 535.0829184570181 478.03011493645624 628.7788230430278 530.4591078598386 
459.18715569406504 417.5414844970648 416.3223406010553 443.3070711548785 418.71195820586047 
391.2727357847917 266.4520182327496 382.64225811533123 479.06379227514765 374.1335802160446 
350.8249737309159 338.22822288690776 367.6630722518631 444.0132032013134 341.4042709126076 
321.03979709064566 302.0719883628611 425.14268770165006 268.73443808183293 279.45590430575163 
268.01544491243936 257.4282804309029 332.72931992714706 296.6320022924571 274.1126605564908 
400.7512814998874 426.92641328478857 415.2670051318681 485.0435372786695 429.176192156253 
429.3672808729312 431.21760046861493 433.5560967523628 472.85137798682473 430.5866014910826 
581.6460591440823 456.189339110648 567.9896124216035 457.30687531817966 480.9046280358576 
333.2654340591683 399.19008393334457 335.1720842052488 344.1981308232433 357.2422028379279 
431.44193554161075 483.47195938773353 438.5572991818723 469.9706558478481 420.3030019705081 
308.23988857357347 366.2426574172664 309.1802097354861 299.71067545768574 300.3489673691773 
602.9114304247635 496.9536238211755 605.0076914123459 487.5749725478785 502.6766636969218 
396.506439239659 395.28356909435684 396.63896718411854 425.79289708049305 385.6264198384887 
405.42559640295883 429.2428863058876 395.2075345665105 457.62123933686365 380.7601284196674 
289.95696111761515 275.68081834374686 277.74044810956576 283.73260416670814 268.8300127139025 
0.0 0.0 0.0 0.0 0.0 
0.0 0.0 0.0 0.0 0.0 
0.0 0.0 0.0 0.0 0.0 
0.0 0.0 0.0 0.0 0.0 
0.0 0.0 0.0 0.0 0.0 
0.0 0.0 0.0 0.0 0.0 
0.0 0.0 0.0 0.0 0.0 
0.0 0.0 0.0 0.0 0.0 
301.91993248798866 397.448291761957 322.0759250929655 323.671807906613 343.46894946619625 
317.59832398935333 399.2809925393947 331.48536128149885 328.2513423107914 338.2613633660484 
0.0 0.0 0.0 0.0 0.0 
0.0 0.0 0.0 0.0 0.0 
0.0 0.0 0.0 0.0 0.0 
0.0 0.0 0.0 0.0 0.0 
0.0 0.0 0.0 0.0 0.0 
375.3630720852144 461.34141225618004 387.74450805504546 403.61528984620077 437.5158270910282 
687.795649616982 762.0379847907145 677.8091270512275 671.6883512864538 677.8383655233487 
615.5941206207772 685.1792075279374 600.3294177113012 621.664286943706 623.8912540194216 
0.0 0.0 0.0 0.0 0.0 
0.0 0.0 0.0 0.0 0.0 
0.0 0.0 0.0 0.0 0.0 
0.0 0.0 0.0 0.0 0.0 
0.0 0.0 0.0 0.0 0.0 
704.6465276297023 773.3133947394118 697.6525182190506 698.9409568679903 699.0136088289928 
198.34769705096846 138.319482391958 335.9865638753867 297.49649745165857 265.40022725855215 
157.49986186398598 238.26384774911725 204.2750731788559 296.54880368019536 275.2272202356243 
0.0 0.0 0.0 0.0 0.0 
0.0 0.0 0.0 0.0 0.0 
0.0 0.0 0.0 0.0 0.0 
0.0 0.0 0.0 0.0 0.0 
0.0 0.0 0.0 0.0 0.0 
256.45297158650044 243.89148164955571 262.38020669447553 245.8555008558136 259.9387107498763 
56.66183372210582 177.92268333603968 135.24239956984644 170.99782899242234 192.620092967986 
24.325186844334773 37.851288905346614 0.0 129.5655812464798 111.47812193192405 
0.0 0.0 0.0 0.0 0.0 
0.0 0.0 0.0 0.0 0.0 
0.0 0.0 0.0 0.0 0.0 
0.0 0.0 0.0 0.0 0.0 
0.0 0.0 0.0 0.0 0.0 
211.6613016412299 229.78287622739737 221.7884936971252 256.5321291151306 228.2543925187971 
275.25675857200935 269.63344842573986 301.877415788792 270.776357225013 269.84901179718054 
270.40547254136106 269.8973564370132 302.3696059748154 270.10005259037 270.2037343287465 
0.0 0.0 0.0 0.0 0.0 
0.0 0.0 0.0 0.0 0.0 
0.0 0.0 0.0 0.0 0.0 
0.0 0.0 0.0 0.0 0.0 
0.0 0.0 0.0 0.0 0.0 
247.78441581380412 244.58833268453012 274.72289882317574 249.47052740853889 246.68268601971002 
633.8605266279707 619.1327850931066 635.796890060458 705.5847258086226 642.3490378656942 
656.6499407572333 658.0144869608689 656.8551038891233 709.1765176565102 648.161300333316 
0.0 0.0 0.0 0.0 0.0 
0.0 0.0 0.0 0.0 0.0 
0.0 0.0 0.0 0.0 0.0 
0.0 0.0 0.0 0.0 0.0 
0.0 0.0 0.0 0.0 0.0 
549.058545968233 577.1062081479089 548.7261616159137 661.8437716605496 591.0556444138848 
282.6785340109558 268.5815328692464 289.2356960085222 381.2860247851552 267.93992627619104 
312.02869512561443 302.71775034477565 308.1307436734512 382.25746146213385 303.00246999720395 
0.0 0.0 0.0 0.0 0.0 
0.0 0.0 0.0 0.0 0.0 
0.0 0.0 0.0 0.0 0.0 
0.0 0.0 0.0 0.0 0.0 
0.0 0.0 0.0 0.0 0.0 
371.97072542445505 373.19939512585023 371.41283326088774 404.6033922347516 368.7992605432824 
306.48006550784135 298.0375542219328 343.88802279592954 298.8803654467718 299.9204807343838 
290.8750383097139 299.19406536082624 287.4439519402595 278.52846939891106 271.75946756585125 
0.0 0.0 0.0 0.0 0.0 
0.0 0.0 0.0 0.0 0.0 
0.0 0.0 0.0 0.0 0.0 
0.0 0.0 0.0 0.0 0.0 
0.0 0.0 0.0 0.0 0.0 
243.65810105951437 248.66257948942936 271.00170779252693 253.68922797360437 248.0303454709473 
0.0 0.0 0.0 0.0 0.0 
0.0 0.0 0.0 0.0 0.0 
0.0 0.0 0.0 0.0 0.0 
0.0 0.0 0.0 0.0 0.0 
0.0 0.0 0.0 0.0 0.0 
0.0 0.0 0.0 0.0 0.0 
0.0 0.0 0.0 0.0 0.0 
0.0 0.0 0.0 0.0 0.0 
0.0 0.0 0.0 0.0 0.0 
544.7508063332081 490.1103017428951 481.5098796867974 475.344796595444 469.1899032820687 
199.3610511030196 193.9701117719913 185.29218935525478 189.27388683832964 186.42563398220216 
310.37931394106846 265.29581478801055 192.9121383266036 225.4762233070753 267.3585445054199 
0.0 0.0 0.0 0.0 0.0 
0.0 0.0 0.0 0.0 0.0 
0.0 0.0 0.0 0.0 0.0 
0.0 0.0 0.0 0.0 0.0 
0.0 0.0 0.0 0.0 0.0 
120.42373058770256 326.9148284908251 289.5603743128238 388.2059851636257 345.7539203045742 
223.1345630427517 132.21522547352694 227.26729206945475 369.1077286166035 291.332433026098 
264.7001058192669 201.09183708056648 150.14918444736477 230.00135865974823 213.70547748212752 
0.0 0.0 0.0 0.0 0.0 
0.0 0.0 0.0 0.0 0.0 
0.0 0.0 0.0 0.0 0.0 
0.0 0.0 0.0 0.0 0.0 
0.0 0.0 0.0 0.0 0.0 
327.28453756709706 354.2709445899414 453.87565498988556 335.4318814382016 352.46958885828474 
0.0 0.0 0.0 0.0 0.0 
244.8635557820554 250.54960176616606 250.63671998562887 265.77931219689265 244.30473477718328 
0.0 0.0 0.0 0.0 0.0 
0.0 0.0 0.0 0.0 0.0 
0.0 0.0 0.0 0.0 0.0 
0.0 0.0 0.0 0.0 0.0 
0.0 0.0 0.0 0.0 0.0 
0.0 133.27919358931933 59.0246948887765 232.20096469917823 193.51719641473875 
0.0 0.0 0.0 0.0 0.0 
146.6088526137865 0.0 5.613096189970908 2.5188207842875454 61.576781794537695 
0.0 0.0 0.0 0.0 0.0 
0.0 0.0 0.0 0.0 0.0 
0.0 0.0 0.0 0.0 0.0 
0.0 0.0 0.0 0.0 0.0 
0.0 0.0 0.0 0.0 0.0 
342.7199805092256 344.6185772513511 328.6755263801751 378.9109674429213 350.34587006926455 
276.9639767100359 368.8603941260662 509.6438426519672 387.01048352666396 439.863755703738 
415.7133066202658 405.482138461494 437.42491715688743 402.32089853175523 404.04175359868 
0.0 0.0 0.0 0.0 0.0 
0.0 0.0 0.0 0.0 0.0 
0.0 0.0 0.0 0.0 0.0 
0.0 0.0 0.0 0.0 0.0 
0.0 0.0 0.0 0.0 0.0 
594.84465603443 585.9120352759521 573.5113797338856 626.6678464994169 593.7127268918757 
0.0 0.0 0.0 0.0 0.0 
0.0 0.0 0.0 11.205372470309909 0.0 
0.0 0.0 0.0 0.0 0.0 
0.0 0.0 0.0 0.0 0.0 
0.0 0.0 0.0 0.0 0.0 
0.0 0.0 0.0 0.0 0.0 
0.0 0.0 0.0 0.0 0.0 
529.7427975722019 470.80492461629876 468.147131922125 455.72993068939286 463.56246056360817 
0.0 108.30828677562752 170.5146041821125 186.42656601662452 68.48020155262236 
219.41889695617394 258.1435641702586 289.9560467786694 341.2502595491742 282.9653605720374 
0.0 0.0 0.0 0.0 0.0 
0.0 0.0 0.0 0.0 0.0 
0.0 0.0 0.0 0.0 0.0 
0.0 0.0 0.0 0.0 0.0 
0.0 0.0 0.0 0.0 0.0 
394.00132835279055 374.23991602486086 321.3410363799882 380.58778003619557 378.4723719352348 
361.0697692305195 364.5535798927809 370.32154999853213 392.6565704745758 359.8889472616417 
330.8726765152845 341.33767410392977 383.24431263459024 345.10637884406117 366.6422272384109 
0.0 0.0 0.0 0.0 0.0 
0.0 0.0 0.0 0.0 0.0 
0.0 0.0 0.0 0.0 0.0 
0.0 0.0 0.0 0.0 0.0 
0.0 0.0 0.0 0.0 0.0 
0.0 0.0 0.0 0.0 0.0 
0.0 0.0 0.0 0.0 0.0 
0.0 0.0 0.0 0.0 0.0 
0.0 0.0 0.0 0.0 0.0 
0.0 0.0 0.0 0.0 0.0 
0.0 0.0 0.0 0.0 0.0 
0.0 0.0 0.0 0.0 0.0 
0.0 0.0 0.0 0.0 0.0 
0.0 0.0 0.0 0.0 0.0 
0.0 0.0 0.0 0.0 0.0 
193.29641222561222 245.8288160225836 167.55265433399265 182.47865457451377 192.8591375796225 
88.83778810330102 57.323429093589986 61.31228443328392 180.85335783289645 60.968047062932335 
0.0 250.4608222534671 0.0 0.0 66.63281469897693 
0.0 0.0 0.0 0.0 0.0 
0.0 0.0 0.0 0.0 0.0 
0.0 0.0 0.0 0.0 0.0 
0.0 0.0 0.0 0.0 0.0 
0.0 0.0 0.0 0.0 0.0 
899.8182515990859 1067.9299472987962 821.8727652377105 837.3847305884376 930.8210485277798 
697.1890709168634 954.8506944128002 750.9129017463799 766.5390792926631 820.6219118943785 
818.0083434262855 930.9900211516666 816.7366765415916 801.6843307743352 817.9670052119627 
0.0 0.0 0.0 0.0 0.0 
0.0 0.0 0.0 0.0 0.0 
0.0 0.0 0.0 0.0 0.0 
0.0 0.0 0.0 0.0 0.0 
0.0 0.0 0.0 0.0 0.0 
151.5190549401926 185.49952564608057 158.1356600043826 155.9876799646928 163.39334169589162 
145.57604143155618 216.5885079947555 162.68342976937055 161.2253559247289 160.52107057528588 
225.59029642871207 245.27660231945822 217.6593642307242 314.9226227416591 269.23152920494374 
0.0 0.0 0.0 0.0 0.0 
0.0 0.0 0.0 0.0 0.0 
0.0 0.0 0.0 0.0 0.0 
0.0 0.0 0.0 0.0 0.0 
0.0 0.0 0.0 0.0 0.0 
254.61398678282535 327.1102810468406 255.7011143690163 258.6370050840832 254.77547520772504 
172.42254430606033 203.5325428101488 136.51729519952488 188.00986853757445 207.0223995143679 
149.4936178724249 151.71222750664705 154.43889394485745 214.65434859675574 171.13534859697037 
0.0 0.0 0.0 0.0 0.0 
0.0 0.0 0.0 0.0 0.0 
0.0 0.0 0.0 0.0 0.0 
0.0 0.0 0.0 0.0 0.0 
0.0 0.0 0.0 0.0 0.0 
218.03511632851033 288.8252084414604 217.2858018295633 200.3206216191954 241.7072368969397 
172.25909270913417 180.07449013119054 171.51289320166782 188.7467892387949 183.80386751533752 
227.04309931145775 228.84479020286992 225.7688071365312 254.8085793453487 232.029956085713 
0.0 0.0 0.0 0.0 0.0 
0.0 0.0 0.0 0.0 0.0 
0.0 0.0 0.0 0.0 0.0 
0.0 0.0 0.0 0.0 0.0 
0.0 0.0 0.0 0.0 0.0 
0.0 0.0 0.0 0.0 0.0 
0.0 0.0 0.0 0.0 0.0 
0.0 0.0 0.0 0.0 0.0 
0.0 0.0 0.0 0.0 0.0 
0.0 0.0 0.0 0.0 0.0 
0.0 0.0 0.0 0.0 0.0 
0.0 0.0 0.0 0.0 0.0 
0.0 0.0 0.0 0.0 0.0 
0.0 0.0 0.0 0.0 0.0 
0.0 0.0 0.0 0.0 0.0 
0.0 0.0 0.0 0.0 0.0 
0.0 0.0 0.0 0.0 0.0 
0.0 0.0 0.0 0.0 0.0 
0.0 0.0 0.0 0.0 0.0 
0.0 0.0 0.0 0.0 0.0 
0.0 0.0 0.0 0.0 0.0 
298.65600460847753 311.4496359394297 298.6076691648741 304.43623115441545 279.7250866148763 
309.9476905334047 304.4149803583984 302.98590848193163 317.7151338136338 293.36617926925913 
331.607260647405 335.9235319626937 327.49492810872493 377.80619661792394 348.5669901493999 
0.0 0.0 0.0 0.0 0.0 
0.0 0.0 0.0 0.0 0.0 
0.0 0.0 0.0 0.0 0.0 
0.0 0.0 0.0 0.0 0.0 
0.0 0.0 0.0 0.0 0.0 
0.0 0.0 0.0 0.0 0.0 
0.0 0.0 0.0 0.0 0.0 
414.0313583085852 418.2990660175472 587.5052845287698 427.32983496833685 459.10154858098036 
356.91089380491024 342.2881776809322 402.44177463693705 363.5113080894392 357.7613755008719 
1043.548647734036 853.4714527896214 828.4645178408649 857.6914817392067 880.2000357388847 
0.0 0.0 0.0 0.0 0.0 
0.0 0.0 0.0 0.0 0.0 
0.0 0.0 0.0 0.0 0.0 
0.0 0.0 0.0 0.0 0.0 
0.0 0.0 0.0 0.0 0.0 
405.5206359840294 305.8018750479523 272.46852951192807 300.1973666998101 279.2702100303875 
288.2441550126447 383.68395723038 336.5719028998717 302.09962852993067 335.8225448688996 
358.3597971707802 432.98848969307136 368.0801717533106 359.1508844905735 356.50494821377885 
0.0 0.0 0.0 0.0 0.0 
0.0 0.0 0.0 0.0 0.0 
0.0 0.0 0.0 0.0 0.0 
0.0 0.0 0.0 0.0 0.0 
0.0 0.0 0.0 0.0 0.0 
356.99043618115866 458.43091999309297 357.5411922437627 375.5073326353342 386.7102378925449 
280.2919030672932 511.83731481270576 407.9886073369388 398.20665840655664 419.93220706213015 
317.89504696337997 409.9755892892133 346.6842994910201 354.7505964939122 345.6880426276931 
0.0 0.0 0.0 0.0 0.0 
0.0 0.0 0.0 0.0 0.0 
0.0 0.0 0.0 0.0 0.0 
0.0 0.0 0.0 0.0 0.0 
0.0 0.0 0.0 0.0 0.0 
239.6224096998566 223.8805499961304 281.6508202474215 232.57141027595128 239.39063262045198 
266.0917996710773 213.9579093605173 331.4810574714541 182.87577396614455 287.33014068050886 
244.40029169897227 286.91289120600743 266.4209382654354 265.5896622894153 257.18757725026364 
0.0 0.0 0.0 0.0 0.0 
0.0 0.0 0.0 0.0 0.0 
0.0 0.0 0.0 0.0 0.0 
0.0 0.0 0.0 0.0 0.0 
0.0 0.0 0.0 0.0 0.0 
0.0 0.0 0.0 0.0 0.0 
0.0 0.0 0.0 0.0 0.0 
0.0 0.0 0.0 0.0 0.0 
0.0 0.0 0.0 0.0 0.0 
0.0 0.0 0.0 0.0 0.0 
0.0 0.0 0.0 0.0 0.0 
0.0 0.0 0.0 0.0 0.0 
0.0 0.0 0.0 0.0 0.0 
299.18575525053075 289.5789275796246 290.65409726844024 290.5406192225153 283.72712026860955 
246.541449050574 299.8030536428041 254.78236953310034 262.65419083703955 264.92475287011797 
317.9315211224426 321.1857448887047 402.2169100851852 333.50861298403936 332.12718026248103 
0.0 0.0 0.0 0.0 0.0 
0.0 0.0 0.0 0.0 0.0 
0.0 0.0 0.0 0.0 0.0 
0.0 0.0 0.0 0.0 0.0 
0.0 0.0 0.0 0.0 0.0 
0.0 0.0 0.0 0.0 0.0 
0.0 0.0 0.0 0.0 0.0 
0.0 0.0 0.0 0.0 0.0 
0.0 0.0 0.0 0.0 0.0 
0.0 0.0 0.0 0.0 0.0 
0.0 0.0 0.0 0.0 0.0 
0.0 0.0 0.0 0.0 0.0 
0.0 0.0 0.0 0.0 0.0 
192.04942298201271 209.22050586576273 274.4107498475843 196.27438957454478 209.38395528955243 
248.76309495717686 259.7640646810744 389.4667663513793 275.5152318902967 275.38695495335935 
377.6741339784987 383.1922823811587 417.92156721522196 381.159991680973 379.79293118255595 
0.0 0.0 0.0 0.0 0.0 
0.0 0.0 0.0 0.0 0.0 
0.0 0.0 0.0 0.0 0.0 
0.0 0.0 0.0 0.0 0.0 
0.0 0.0 0.0 0.0 0.0 
341.63317690474366 347.873895342019 390.53653333543616 345.29238387037736 358.8639742987465 
347.17338074295606 408.33540094390145 335.97056530234727 348.3453369366916 362.553263556529 
265.4633840859596 273.48328993997285 260.9091813039851 262.11758583498784 252.37372744767205 
0.0 0.0 0.0 0.0 0.0 
0.0 0.0 0.0 0.0 0.0 
0.0 0.0 0.0 0.0 0.0 
0.0 0.0 0.0 0.0 0.0 
0.0 0.0 0.0 0.0 0.0 
0.0 0.0 0.0 0.0 0.0 
0.0 0.0 0.0 0.0 0.0 
0.0 0.0 0.0 0.0 0.0 
207.54875210004283 202.34720710861845 336.08608809303024 206.29179287349857 274.9698790671114 
158.74580484245945 151.00214759852 147.13385419622702 184.46268117245592 184.86464982469846 
151.611900912176 153.60933120704055 144.70525093231174 187.67521116760457 152.21870348903704 
214.15919169814026 221.75445427969905 191.13957612240182 232.1371558711476 194.81670461629363 
0.0 0.0 0.0 0.0 0.0 
0.0 0.0 0.0 0.0 0.0 
0.0 0.0 0.0 0.0 0.0 
150.4600095943957 170.8729886616565 169.05729222280078 212.30871489556995 179.25460747266217 
0.0 0.0 127.83082550572729 189.8239128423361 159.68779174930827 
166.1183039176218 172.1340989283839 154.9770612412577 190.14874100988985 166.45843946429807 
281.63192062896195 249.7832354714762 251.22332079131974 253.5215755332546 254.34519087654652 
247.52060363781152 266.5659548912196 243.55447650634625 302.1753730154655 256.6958817391709 
0.0 0.0 0.0 0.0 0.0 
0.0 0.0 0.0 0.0 0.0 
0.0 0.0 0.0 0.0 0.0 
63.68556391500054 158.19444793879447 282.1556917590219 62.95857400059012 197.74255354881595 
0.0 0.0 277.6576968688351 95.01568881479946 178.97956591696112 
120.76475094436539 222.49118054448275 254.3541456204876 217.95427958283057 242.38370435436573 
0.0 0.0 126.850827598847 0.0 0.0 
70.98078935735036 0.0 72.43589831389478 186.99392021161145 173.65120463830627 
0.0 0.0 0.0 0.0 0.0 
0.0 0.0 0.0 0.0 0.0 
0.0 0.0 0.0 0.0 0.0 
0.0 0.0 28.81414791516463 205.17332606632516 46.83163460651707 
77.19124567523299 83.83473469043429 273.33536585082527 0.0 232.69792951161696 
114.6849409015279 191.17760356511928 190.37262588774468 201.77840901850087 190.719013968545 
201.23764664898897 163.38826974341643 142.76032988463226 246.72261218431424 212.00436143841347 
219.59177427699336 217.82657737020523 235.25274024193703 215.17932294097784 216.66508466596105 
0.0 0.0 0.0 0.0 0.0 
0.0 0.0 0.0 0.0 0.0 
0.0 0.0 0.0 0.0 0.0 
0.0 195.23036113932383 336.43391663740545 60.18545889604684 256.76766278746646 
94.64007455673257 0.0 0.0 44.56237966389755 129.29748764484543 
0.0 0.0 0.0 0.0 0.0 
50.8536923447974 84.33576338461201 68.13739750062578 187.15677370823067 70.78455411729618 
0.0 0.0 377.07038333311937 0.0 209.9014136206662 
0.0 0.0 0.0 0.0 0.0 
0.0 0.0 0.0 0.0 0.0 
0.0 0.0 0.0 0.0 0.0 
219.51673341983104 221.92429100732645 257.25576812032534 220.8737340161071 230.58910311383053 
0.0 0.0 0.0 0.0 0.0 
0.0 0.0 0.0 0.0 0.0 
0.0 0.0 0.0 0.0 0.0 
0.0 0.0 0.0 0.0 0.0 
0.0 0.0 0.0 0.0 0.0 
0.0 0.0 0.0 0.0 0.0 
0.0 0.0 0.0 0.0 0.0 
647.0286863425763 676.8841836789538 677.3410828263751 765.1449123324364 679.6629211479382 
203.8988678616652 204.0627456084971 173.9787469508223 194.50458584482953 169.75080714502178 
0.0 0.0 0.0 0.0 0.0 
0.0 0.0 0.0 0.0 0.0 
0.0 0.0 0.0 0.0 0.0 
0.0 0.0 0.0 0.0 0.0 
0.0 0.0 0.0 0.0 0.0 
0.0 0.0 0.0 0.0 0.0 
331.4949444275647 364.0112499680043 424.06063808985465 346.53912709726455 368.21051307451347 
371.81080809567004 358.031753511275 472.9751301374911 387.9713858662495 421.61560357395643 
267.27394571551156 262.1971335771521 270.3508230969056 262.714188049813 254.02036953688696 
349.80581719372276 340.64095490364457 339.8613391220203 398.77837759744057 353.4249955418413 
275.58954821486634 285.09614790121225 349.69475206958225 292.5219464143769 308.75829148966835 
0.0 0.0 0.0 0.0 0.0 
0.0 0.0 0.0 0.0 0.0 
0.0 0.0 0.0 0.0 0.0 
239.4783858371417 232.6242212803056 226.30028016023576 261.92731141810293 243.2509214061008 
0.0 0.0 0.0 0.0 0.0 
0.0 0.0 0.0 0.0 0.0 
0.0 0.0 0.0 0.0 0.0 
0.0 0.0 0.0 0.0 0.0 
0.0 0.0 0.0 0.0 0.0 
0.0 0.0 0.0 0.0 0.0 
0.0 0.0 0.0 0.0 0.0 
0.0 0.0 0.0 0.0 0.0 
0.0 0.0 0.0 0.0 0.0 
0.0 0.0 0.0 0.0 0.0 
0.0 0.0 0.0 0.0 0.0 
0.0 0.0 0.0 0.0 0.0 
0.0 0.0 0.0 0.0 0.0 
0.0 0.0 0.0 0.0 0.0 
0.0 0.0 0.0 0.0 0.0 
0.0 0.0 0.0 0.0 0.0 
0.0 0.0 0.0 0.0 0.0 
0.0 0.0 0.0 0.0 0.0 
0.0 0.0 0.0 0.0 0.0 
0.0 0.0 0.0 0.0 0.0 
0.0 0.0 0.0 0.0 0.0 
0.0 0.0 0.0 0.0 0.0 
0.0 0.0 0.0 0.0 0.0 
0.0 0.0 0.0 0.0 0.0 
0.0 0.0 0.0 0.0 0.0 
207.12529903226653 83.32164982637032 157.20340720113953 207.96928012462507 191.89442223163445 
119.90970351233722 87.80596777220346 111.58265304844483 194.3985454700109 157.02552515559853 
118.83914872356556 122.8123629655627 127.31823834459115 133.23268885861296 118.79382641404763 
29.137719226005398 45.12843369804838 0.0 122.1834980662283 103.31808645912409 
70.28404145466257 67.66502608117935 70.36802785135976 118.79426456773339 112.19794445386239 
0.0 0.0 0.0 0.0 0.0 
0.0 0.0 0.0 0.0 0.0 
0.0 0.0 0.0 0.0 0.0 
223.77866829747148 227.39878323384838 224.77333801579096 274.37137678906606 224.97483914857324 
152.55034826961148 0.0 134.21613917372343 128.0580023502418 135.5519316252357 
150.16812090274115 144.21045608099416 143.2877462686358 163.81056474130023 143.9388827662267 
80.60442780958607 125.39823428102815 35.955785495375 175.77344390089632 149.73592454731516 
218.45772653353038 181.77054519559633 0.0 0.0 185.05284833263116 
0.0 0.0 0.0 0.0 0.0 
0.0 0.0 0.0 0.0 0.0 
0.0 0.0 0.0 0.0 0.0 
0.0 0.0 0.0 0.0 0.0 
0.0 0.0 0.0 0.0 0.0 
0.0 25.38894707427841 0.0 96.18804013543269 33.6967195489452 
4.739524438978457 0.0 0.0 4.211468613274642 7.440273336468106 
0.0 0.0 0.0 0.0 0.0 
0.0 0.0 0.0 0.0 0.0 
0.0 0.0 0.0 0.0 0.0 
0.0 0.0 0.0 0.0 0.0 
0.0 0.0 0.0 0.0 0.0 
0.0 0.0 0.0 0.0 0.0 
0.0 0.0 0.0 0.0 0.0 
0.0 0.0 0.0 0.0 0.0 
0.0 0.0 0.0 0.0 0.0 
0.0 0.0 0.0 0.0 0.0 
0.0 0.0 0.0 0.0 0.0 
0.0 0.0 0.0 0.0 0.0 
0.0 0.0 0.0 0.0 0.0 
0.0 0.0 0.0 0.0 0.0 
0.0 0.0 0.0 0.0 0.0 
0.0 0.0 0.0 0.0 0.0 
0.0 0.0 0.0 0.0 0.0 
0.0 0.0 0.0 0.0 0.0 
0.0 0.0 0.0 0.0 0.0 
0.0 0.0 0.0 0.0 0.0 
412.75662003403335 326.23012129661805 341.30664032341195 331.9692404880737 358.18783438142185 
304.6426153637612 307.7601925283554 313.9606747037068 350.9119223886125 304.59266084275225 
314.4633358386688 269.0639441279546 265.18351281945655 276.3248602642798 290.7914543468197 
545.8399580405074 478.3909144758095 480.188728947104 431.59718487250797 480.53741274128976 
443.9804376761318 421.47247160810196 380.65738535072956 390.5110161529583 418.3336342324794 
0.0 0.0 0.0 0.0 0.0 
0.0 0.0 0.0 0.0 0.0 
0.0 0.0 0.0 0.0 0.0 
0.0 0.0 0.0 0.0 0.0 
0.0 0.0 0.0 0.0 0.0 
0.0 0.0 0.0 0.0 0.0 
0.0 0.0 0.0 0.0 0.0 
0.0 0.0 0.0 0.0 0.0 
0.0 0.0 0.0 0.0 0.0 
0.0 0.0 0.0 0.0 0.0 
0.0 0.0 0.0 0.0 0.0 
0.0 0.0 0.0 0.0 0.0 
0.0 0.0 0.0 0.0 0.0 
234.57920856352587 198.89800163525024 206.2895669461745 208.94177579492703 209.2282877434893 
0.0 42.814701754466064 0.0 0.0 0.0 
0.0 0.0 0.0 0.0 0.0 
0.0 0.0 0.0 0.0 0.0 
0.0 0.0 0.0 0.0 0.0 
0.0 0.0 0.0 0.0 0.0 
0.0 0.0 0.0 0.0 0.0 
0.0 0.0 0.0 0.0 0.0 
64.90462980074214 419.31372595594 39.407623890060314 39.407623890060314 150.71716841641495 
0.0 0.0 0.0 0.0 0.0 
0.0 0.0 0.0 0.0 0.0 
0.0 0.0 0.0 0.0 0.0 
0.0 0.0 0.0 0.0 0.0 
0.0 0.0 0.0 0.0 0.0 
0.0 0.0 0.0 0.0 0.0 
0.0 0.0 0.0 0.0 0.0 
228.4473951112028 202.3919693709454 192.2250733435643 196.80205179239513 203.750494242868 
242.25811384774144 197.55331738904428 151.75045337139954 189.49812699530997 211.94817959800793 
0.0 0.0 0.0 0.0 0.0 
0.0 0.0 0.0 0.0 0.0 
0.0 0.0 0.0 0.0 0.0 
0.0 0.0 0.0 0.0 0.0 
0.0 0.0 0.0 0.0 0.0 
0.0 0.0 0.0 0.0 0.0 
158.84523311468593 54.556724709317066 20.097560867432648 77.46850242186098 131.20586722748646 
88.32065857183011 0.0 0.0 0.0 0.0 
0.0 0.0 0.0 0.0 0.0 
0.0 0.0 0.0 0.0 0.0 
0.0 0.0 0.0 0.0 0.0 
0.0 0.0 0.0 0.0 0.0 
0.0 0.0 0.0 0.0 0.0 
0.0 0.0 0.0 0.0 0.0 
0.0 0.0 0.0 0.0 0.0 
0.0 0.0 0.0 0.0 0.0 
0.0 0.0 0.0 0.0 0.0 
0.0 0.0 0.0 0.0 0.0 
0.0 0.0 0.0 0.0 0.0 
0.0 0.0 0.0 0.0 0.0 
0.0 0.0 0.0 0.0 0.0 
0.0 0.0 0.0 0.0 0.0 
0.0 0.0 0.0 0.0 0.0 
0.0 0.0 0.0 0.0 0.0 
0.0 0.0 0.0 0.0 0.0 
0.0 0.0 0.0 0.0 0.0 
0.0 0.0 0.0 0.0 0.0 
0.0 0.0 0.0 0.0 0.0 
0.0 0.0 0.0 0.0 0.0 
0.0 0.0 0.0 0.0 0.0 
0.0 0.0 0.0 0.0 0.0 
0.0 0.0 0.0 0.0 0.0 
0.0 0.0 0.0 0.0 0.0 
0.0 0.0 0.0 0.0 0.0 
0.0 0.0 0.0 0.0 0.0 
0.0 0.0 0.0 0.0 0.0 
0.0 0.0 0.0 0.0 0.0 
0.0 0.0 0.0 0.0 0.0 
306.555219773092 294.2146905578576 278.5359756478498 295.6634025075204 291.5608012459227 
532.023311165217 483.59138201641673 480.10842424451744 390.33301774701766 466.83386374193566 
0.0 0.0 0.0 0.0 0.0 
0.0 0.0 0.0 0.0 0.0 
0.0 0.0 0.0 0.0 0.0 
292.270306335288 405.48306172687415 520.8113360830661 442.1130206718834 458.82033089801115 
232.51982829363882 360.7437547638649 530.4943876745367 454.9707753990957 474.14510514316135 
0.0 0.0 0.0 0.0 0.0 
0.0 0.0 0.0 0.0 0.0 
0.0 0.0 0.0 0.0 0.0 
342.5332014823048 331.6000209312264 345.45163970587936 338.5831676711263 328.09452879451607 
347.885127983764 338.4194710497631 510.52980849378855 342.8956629523869 359.9855858649469 
300.7765027305208 304.63058665184656 272.54885751072976 281.4718363280273 275.9134825658231 
175.03416596805585 217.94107377410822 317.1435389150739 176.25592785749822 245.27623995613192 
181.4023661254131 187.2365899647675 293.6300595943022 182.26655256569651 231.8018149582959 
0.0 0.0 0.0 0.0 0.0 
0.0 0.0 0.0 0.0 0.0 
0.0 0.0 0.0 0.0 0.0 
0.0 0.0 0.0 0.0 0.0 
0.0 0.0 0.0 0.0 0.0 
0.0 0.0 0.0 0.0 0.0 
49.5778861412724 187.79496998363283 82.13098061810459 0.0 181.73583432149132 
199.73905468550163 207.4129084416765 235.0975371649367 185.01095434367969 216.28569193723243 
0.0 0.0 0.0 0.0 0.0 
0.0 0.0 0.0 0.0 0.0 
0.0 0.0 0.0 0.0 0.0 
527.5189919392643 658.3284996188522 561.9375553984523 566.3472074572018 568.2382050574846 
683.8508887939499 853.0689166350345 576.1321643702166 704.9204388764455 712.582826897938 
632.765914062867 795.2844085495908 688.2716836286926 685.7650064729819 699.3660208810634 
120.6042564144354 201.1363411997042 343.0327674923205 0.0 291.3488770664871 
222.62641235803196 211.25391665058459 251.0677057964257 233.3240765908009 213.04414034791824 
0.0 0.0 0.0 0.0 0.0 
0.0 0.0 0.0 0.0 0.0 
0.0 0.0 0.0 0.0 0.0 
0.0 0.0 0.0 0.0 0.0 
0.0 0.0 0.0 0.0 0.0 
0.0 0.0 0.0 0.0 0.0 
0.0 0.0 0.0 0.0 0.0 
0.0 0.0 106.71148787164422 0.0 0.0 
0.0 0.0 0.0 0.0 0.0 
0.0 0.0 0.0 0.0 0.0 
0.0 0.0 0.0 0.0 0.0 
0.0 0.0 0.0 0.0 0.0 
0.0 0.0 0.0 0.0 0.0 
0.0 0.0 0.0 0.0 0.0 
0.0 72.51929634018077 262.8982060965591 87.7580501770924 149.28634744305702 
0.0 0.0 0.0 0.0 0.0 
0.0 0.0 0.0 0.0 0.0 
0.0 0.0 0.0 0.0 0.0 
0.0 0.0 0.0 0.0 0.0 
222.85542341866758 255.75536822879343 218.0836369604461 218.1993420131597 215.4558788623576 
211.03631618551142 208.51569085998216 248.8606915365425 200.96041044898237 210.84661567833743 
212.57957946648983 219.37319279222933 277.99577929166 218.24562618588158 231.010020742315 
0.0 0.0 0.0 0.0 0.0 
0.0 0.0 0.0 0.0 0.0 
0.0 0.0 0.0 0.0 0.0 
0.0 0.0 0.0 0.0 0.0 
0.0 0.0 0.0 0.0 0.0 
0.0 0.0 0.0 0.0 0.0 
0.0 0.0 0.0 0.0 0.0 
0.0 0.0 0.0 0.0 0.0 
243.498200140057 228.52011929957993 287.724045506739 261.87944631076726 241.6551992427466 
279.7423104408518 241.7170515836088 308.8872520850218 280.60510702684724 285.7991364480144 
0.0 0.0 0.0 0.0 0.0 
0.0 0.0 0.0 0.0 0.0 
0.0 0.0 0.0 0.0 0.0 
165.26360338894364 190.48710928528575 248.34307709506473 180.38307502782698 184.24940814043623 
343.7111321137117 346.3796483680089 378.0582382523862 340.37661236605976 340.1999814656702 
341.4140801815886 334.39160977528115 364.6759310404728 331.70299388754427 330.14425710210384 
350.8831942313418 369.5043473398796 457.1055824121618 354.5500744238009 389.83965790214694 
264.02661845178676 317.33701598953775 274.1056127450728 281.09530243467395 282.31859608880166 
0.0 0.0 0.0 0.0 0.0 
0.0 0.0 0.0 0.0 0.0 
0.0 0.0 0.0 0.0 0.0 
307.7902117777001 311.88390976652863 326.4009960963342 310.819009235655 302.333642568331 
325.83330850231636 400.2508102799883 311.5949489962033 332.66701586029546 324.5719637660495 
221.0813629661741 224.06706756045205 245.9533010651694 226.0418521210909 226.576185559558 
0.0 0.0 0.0 0.0 0.0 
0.0 0.0 0.0 0.0 0.0 
0.0 0.0 0.0 0.0 0.0 
0.0 0.0 0.0 0.0 0.0 
0.0 0.0 0.0 0.0 0.0 
0.0 0.0 0.0 0.0 0.0 
0.0 0.0 0.0 0.0 0.0 
0.0 0.0 0.0 0.0 0.0 
0.0 0.0 0.0 0.0 0.0 
0.0 0.0 0.0 0.0 0.0 
0.0 0.0 0.0 0.0 0.0 
0.0 0.0 0.0 0.0 0.0 
0.0 0.0 0.0 0.0 0.0 
0.0 0.0 0.0 0.0 0.0 
0.0 0.0 0.0 0.0 0.0 
0.0 0.0 0.0 0.0 0.0 
0.0 0.0 0.0 0.0 0.0 
0.0 0.0 0.0 0.0 0.0 
0.0 0.0 0.0 0.0 0.0 
0.0 0.0 0.0 0.0 0.0 
0.0 0.0 0.0 0.0 0.0 
0.0 0.0 0.0 0.0 0.0 
0.0 0.0 0.0 0.0 0.0 
0.0 0.0 0.0 0.0 0.0 
0.0 0.0 0.0 0.0 0.0 
0.0 0.0 0.0 0.0 0.0 
0.0 0.0 0.0 0.0 0.0 
0.0 0.0 0.0 0.0 0.0 
0.0 0.0 0.0 0.0 0.0 
0.0 0.0 0.0 0.0 0.0 
0.0 0.0 0.0 0.0 0.0 
0.0 0.0 0.0 0.0 0.0 
0.0 0.0 0.0 0.0 0.0 
0.0 0.0 0.0 0.0 0.0 
0.0 0.0 0.0 0.0 0.0 
0.0 0.0 0.0 0.0 0.0 
0.0 0.0 0.0 0.0 0.0 
0.0 0.0 0.0 0.0 0.0 
0.0 0.0 0.0 0.0 0.0 
0.0 0.0 0.0 0.0 0.0 
0.0 0.0 0.0 0.0 0.0 
0.0 0.0 0.0 0.0 0.0 
0.0 0.0 0.0 0.0 0.0 
0.0 0.0 0.0 0.0 0.0 
0.0 0.0 0.0 0.0 0.0 
0.0 0.0 0.0 0.0 0.0 
0.0 0.0 0.0 0.0 0.0 
0.0 0.0 0.0 0.0 0.0 
0.0 0.0 0.0 0.0 0.0 
0.0 0.0 0.0 0.0 0.0 
0.0 0.0 0.0 0.0 0.0 
0.0 0.0 0.0 0.0 0.0 
0.0 0.0 0.0 0.0 0.0 
0.0 0.0 0.0 0.0 0.0 
0.0 0.0 0.0 0.0 0.0 
0.0 0.0 0.0 0.0 0.0 
0.0 0.0 0.0 0.0 0.0 
0.0 0.0 0.0 0.0 0.0 
0.0 0.0 0.0 0.0 0.0 
0.0 0.0 0.0 0.0 0.0 
0.0 0.0 0.0 0.0 0.0 
0.0 0.0 0.0 0.0 0.0 
0.0 0.0 0.0 0.0 0.0 
0.0 0.0 0.0 0.0 0.0 
0.0 0.0 0.0 0.0 0.0 
0.0 0.0 0.0 0.0 0.0 
0.0 0.0 0.0 0.0 0.0 
0.0 0.0 0.0 0.0 0.0 
0.0 0.0 0.0 0.0 0.0 
0.0 0.0 0.0 0.0 0.0 
0.0 0.0 0.0 0.0 0.0 
0.0 0.0 0.0 0.0 0.0 
0.0 0.0 0.0 0.0 0.0 
0.0 0.0 0.0 0.0 0.0 
0.0 0.0 0.0 0.0 0.0 
0.0 0.0 0.0 0.0 0.0 
0.0 0.0 0.0 0.0 0.0 
0.0 0.0 0.0 0.0 0.0 
0.0 0.0 0.0 0.0 0.0 
0.0 0.0 0.0 0.0 0.0 
0.0 0.0 0.0 0.0 0.0 
0.0 0.0 0.0 0.0 0.0 
0.0 0.0 0.0 0.0 0.0 
0.0 0.0 0.0 0.0 0.0 
0.0 0.0 0.0 0.0 0.0 
0.0 0.0 0.0 0.0 0.0 
0.0 0.0 0.0 0.0 0.0 
0.0 0.0 0.0 0.0 0.0 
0.0 0.0 0.0 0.0 0.0 
0.0 0.0 0.0 0.0 0.0 
0.0 0.0 0.0 0.0 0.0 
0.0 0.0 0.0 0.0 0.0 
0.0 0.0 0.0 0.0 0.0 
0.0 0.0 0.0 0.0 0.0 
0.0 0.0 0.0 0.0 0.0 
0.0 0.0 0.0 0.0 0.0 
0.0 0.0 0.0 0.0 0.0 
0.0 0.0 0.0 0.0 0.0 
0.0 0.0 0.0 0.0 0.0 
0.0 0.0 0.0 0.0 0.0 
0.0 0.0 0.0 0.0 0.0 
0.0 0.0 0.0 0.0 0.0 
0.0 0.0 0.0 0.0 0.0 
0.0 0.0 0.0 0.0 0.0 
0.0 0.0 0.0 0.0 0.0 
0.0 0.0 0.0 0.0 0.0 
0.0 0.0 0.0 0.0 0.0 
0.0 0.0 0.0 0.0 0.0 
0.0 0.0 0.0 0.0 0.0 
0.0 0.0 0.0 0.0 0.0 
0.0 0.0 0.0 0.0 0.0 
0.0 0.0 0.0 0.0 0.0 
220.71453833600205 221.44818022533022 223.57340276418253 255.25190469316374 224.9778119170178 
0.0 0.0 0.0 0.0 0.0 
0.0 0.0 0.0 0.0 0.0 
0.0 0.0 0.0 0.0 0.0 
176.22541140943713 175.0347663335 185.9566111623459 165.52119921778717 170.9275596692061 
191.22207888148526 190.0031639152843 189.3256495166988 217.91283741052143 193.7607756328421 
0.0 0.0 0.0 0.0 0.0 
213.81388070819384 215.14591091406368 213.48497953357682 234.9747300861771 215.26581001680606 
0.0 0.0 0.0 0.0 0.0 
0.0 0.0 0.0 0.0 0.0 
0.0 0.0 0.0 0.0 0.0 
0.0 0.0 0.0 0.0 0.0 
0.0 0.0 0.0 0.0 0.0 
0.0 0.0 0.0 0.0 0.0 
0.0 0.0 0.0 0.0 0.0 
0.0 0.0 0.0 0.0 0.0 
0.0 0.0 0.0 0.0 0.0 
0.0 0.0 0.0 0.0 0.0 
0.0 0.0 0.0 0.0 0.0 
0.0 0.0 0.0 0.0 0.0 
0.0 0.0 0.0 0.0 0.0 
0.0 0.0 0.0 0.0 0.0 
0.0 0.0 0.0 0.0 0.0 
0.0 0.0 0.0 0.0 0.0 
238.82692944692795 286.2906778048668 132.05553923188626 296.9535962624425 273.5827701662112 
0.0 0.0 0.0 0.0 0.0 
0.0 0.0 0.0 0.0 0.0 
0.0 0.0 0.0 0.0 0.0 
230.19410869971568 244.87725247246297 227.8940327991444 246.6757391720394 231.81854348498874 
283.93741977348634 292.38446259309995 288.2084556401428 321.00157458170406 296.47923227345774 
0.0 0.0 0.0 0.0 0.0 
228.4464852267644 223.3252622224148 240.8808450184926 246.0622559669456 219.59511101258397 
0.0 0.0 0.0 0.0 0.0 
0.0 0.0 0.0 0.0 0.0 
0.0 0.0 0.0 0.0 0.0 
0.0 0.0 0.0 0.0 0.0 
0.0 0.0 0.0 0.0 0.0 
0.0 0.0 0.0 0.0 0.0 
0.0 0.0 0.0 0.0 0.0 
0.0 0.0 0.0 0.0 0.0 
0.0 0.0 0.0 0.0 0.0 
0.0 0.0 0.0 0.0 0.0 
0.0 0.0 0.0 0.0 0.0 
0.0 0.0 0.0 0.0 0.0 
0.0 0.0 0.0 0.0 0.0 
0.0 0.0 0.0 0.0 0.0 
0.0 0.0 0.0 0.0 0.0 
0.0 0.0 0.0 0.0 0.0 
0.0 0.0 0.0 0.0 0.0 
0.0 0.0 0.0 0.0 0.0 
0.0 0.0 0.0 0.0 0.0 
0.0 0.0 0.0 0.0 0.0 
0.0 0.0 0.0 0.0 0.0 
0.0 0.0 0.0 0.0 0.0 
0.0 0.0 0.0 0.0 0.0 
0.0 0.0 0.0 0.0 0.0 
0.0 0.0 0.0 0.0 0.0 
0.0 0.0 0.0 0.0 0.0 
0.0 0.0 0.0 0.0 0.0 
0.0 0.0 0.0 0.0 0.0 
0.0 0.0 0.0 0.0 0.0 
0.0 0.0 0.0 0.0 0.0 
0.0 0.0 0.0 0.0 0.0 
0.0 0.0 0.0 0.0 0.0 
0.0 0.0 0.0 0.0 0.0 
0.0 0.0 0.0 0.0 0.0 
0.0 0.0 0.0 0.0 0.0 
0.0 0.0 0.0 0.0 0.0 
0.0 0.0 0.0 0.0 0.0 
0.0 0.0 0.0 0.0 0.0 
0.0 0.0 0.0 0.0 0.0 
0.0 0.0 0.0 0.0 0.0 
0.0 0.0 0.0 0.0 0.0 
0.0 0.0 0.0 0.0 0.0 
0.0 0.0 0.0 0.0 0.0 
0.0 0.0 0.0 0.0 0.0 
0.0 0.0 0.0 0.0 0.0 
0.0 0.0 0.0 0.0 0.0 
0.0 0.0 0.0 0.0 0.0 
0.0 0.0 0.0 0.0 0.0 
0.0 0.0 0.0 0.0 0.0 
0.0 0.0 0.0 0.0 0.0 
0.0 0.0 0.0 0.0 0.0 
0.0 0.0 0.0 0.0 0.0 
0.0 0.0 0.0 0.0 0.0 
0.0 0.0 0.0 0.0 0.0 
0.0 0.0 0.0 0.0 0.0 
0.0 0.0 0.0 0.0 0.0 
0.0 0.0 0.0 0.0 0.0 
0.0 0.0 0.0 0.0 0.0 
0.0 0.0 0.0 0.0 0.0 
0.0 0.0 0.0 0.0 0.0 
0.0 0.0 0.0 0.0 0.0 
0.0 0.0 0.0 0.0 0.0 
0.0 0.0 0.0 0.0 0.0 
0.0 0.0 0.0 0.0 0.0 
0.0 0.0 0.0 0.0 0.0 
0.0 0.0 0.0 0.0 0.0 
0.0 0.0 0.0 0.0 0.0 
0.0 0.0 0.0 0.0 0.0 
0.0 0.0 0.0 0.0 0.0 
0.0 0.0 0.0 0.0 0.0 
0.0 0.0 0.0 0.0 0.0 
0.0 0.0 0.0 0.0 0.0 
0.0 0.0 0.0 0.0 0.0 
0.0 0.0 0.0 0.0 0.0 
0.0 0.0 0.0 0.0 0.0 
0.0 0.0 0.0 0.0 0.0 
0.0 0.0 0.0 0.0 0.0 
0.0 0.0 0.0 0.0 0.0 
0.0 0.0 0.0 0.0 0.0 
0.0 0.0 0.0 0.0 0.0 
254.33943161979622 352.98519313136313 271.1692127230778 267.034388338315 290.9592444321689 
265.7267107252585 324.5481015186513 269.54695347154075 275.05241198938535 280.6625253232873 
0.0 0.0 0.0 0.0 0.0 
0.0 0.0 0.0 0.0 0.0 
0.0 0.0 0.0 0.0 0.0 
0.0 0.0 0.0 0.0 0.0 
0.0 0.0 0.0 0.0 0.0 
0.0 0.0 0.0 0.0 0.0 
0.0 0.0 0.0 0.0 0.0 
0.0 0.0 0.0 0.0 0.0 
0.0 0.0 0.0 0.0 0.0 
0.0 0.0 0.0 0.0 0.0 
0.0 0.0 0.0 0.0 0.0 
0.0 0.0 0.0 0.0 0.0 
0.0 0.0 0.0 0.0 0.0 
0.0 0.0 0.0 0.0 0.0 
0.0 0.0 0.0 0.0 0.0 
0.0 0.0 0.0 0.0 0.0 
0.0 0.0 0.0 0.0 0.0 
0.0 0.0 0.0 0.0 0.0 
0.0 0.0 0.0 0.0 0.0 
0.0 0.0 0.0 0.0 0.0 
0.0 0.0 0.0 0.0 0.0 
0.0 0.0 0.0 0.0 0.0 
0.0 0.0 0.0 0.0 0.0 
0.0 0.0 0.0 0.0 0.0 
0.0 0.0 0.0 0.0 0.0 
0.0 0.0 0.0 0.0 0.0 
0.0 0.0 0.0 0.0 0.0 
0.0 0.0 0.0 0.0 0.0 
0.0 0.0 0.0 0.0 0.0 
0.0 0.0 0.0 0.0 0.0 
0.0 0.0 0.0 0.0 0.0 
0.0 0.0 0.0 0.0 0.0 
0.0 0.0 0.0 0.0 0.0 
0.0 0.0 0.0 0.0 0.0 
0.0 0.0 0.0 0.0 0.0 
0.0 0.0 0.0 0.0 0.0 
0.0 0.0 0.0 0.0 0.0 
0.0 0.0 0.0 0.0 0.0 
0.0 0.0 0.0 0.0 0.0 
0.0 0.0 0.0 0.0 0.0 
0.0 0.0 0.0 0.0 0.0 
0.0 0.0 0.0 0.0 0.0 
0.0 0.0 0.0 0.0 0.0 
0.0 0.0 0.0 0.0 0.0 
0.0 0.0 0.0 0.0 0.0 
0.0 0.0 0.0 0.0 0.0 
0.0 0.0 0.0 0.0 0.0 
0.0 0.0 0.0 0.0 0.0 
0.0 0.0 0.0 0.0 0.0 
0.0 0.0 0.0 0.0 0.0 
0.0 0.0 0.0 0.0 0.0 
0.0 0.0 0.0 0.0 0.0 
0.0 0.0 0.0 0.0 0.0 
0.0 0.0 0.0 0.0 0.0 
220.919247250721 226.14610804323127 220.3695031800374 225.25296595502934 212.03240458587712 
261.5297628885235 274.1315196797041 257.6298369716998 254.5239301142529 249.66489008355197 
0.0 0.0 0.0 0.0 0.0 
0.0 0.0 0.0 0.0 0.0 
0.0 0.0 0.0 0.0 0.0 
0.0 0.0 0.0 0.0 0.0 
0.0 0.0 0.0 0.0 0.0 
0.0 0.0 0.0 0.0 0.0 
