155.1460708435194 118.35776421923518 127.74996012953139 109.52404098605747 
62.346938534114386 69.25022351729987 73.61546767414585 73.45877022627288 
159.5620987430065 180.13488180223442 136.56068116220266 184.86154594749217 
88.40943914209741 79.80716508058113 108.98613446994128 60.89276675573853 
70.56 55.54055558107167 39.58233969803151 0.0 
113.5822853880565 122.64765574375055 180.35250783064714 133.70541591430515 
206.46347448169323 208.74257081535052 212.6493726924073 246.27704094167657 
84.96397705033587 83.01151815423054 85.9680439449505 88.52296687105667 
44.88594533667964 61.647479325482976 31.5899003965558 66.54901080465135 
56.84837995697255 59.70645697772658 57.96429971306458 59.85419643966043 
0.0 0.0 0.0 0.0 
0.0 0.0 0.0 0.0 
0.0 0.0 0.0 0.0 
0.0 0.0 0.0 0.0 
0.0 0.0 0.0 0.0 
50.05579856924196 56.98247856572927 52.313943782069295 68.55343971934589 
0.0 0.0 0.0 0.0 
146.9660745317388 86.17968010806689 56.791781150992946 55.664280820968436 
5.196021462611252 0.0 48.86675353921659 6.898662706571461 
106.73168231704938 111.17954943035838 140.7030488571253 113.60787279521459 
0.0 0.0 0.0 0.0 
0.0 0.0 0.0 0.0 
0.0 0.0 0.0 0.0 
0.0 0.0 0.0 0.0 
0.0 0.0 0.0 0.0 
0.0 0.0 0.0 0.0 
0.0 0.0 0.0 0.0 
39.64486473264362 39.05231171648548 36.55050580637009 72.62251102892904 
21.61888167531153 22.56316144859317 22.776074161490097 21.410855764521134 
25.46684170050267 24.55315020658771 24.08733728610938 21.280057916130648 
0.0 0.0 0.0 0.0 
0.0 0.0 0.0 0.0 
0.0 0.0 0.0 0.0 
0.0 0.0 0.0 0.0 
0.0 0.0 0.0 0.0 
0.0 0.0 0.0 0.0 
0.0 0.0 0.0 0.0 
176.07275376255782 165.42735550199382 195.4090437806531 173.48010241931593 
0.0 0.0 0.0 0.0 
46.684447007214665 41.9781278040808 78.06891004893717 25.577245271474805 
0.0 0.0 0.0 0.0 
36.139001525375036 52.383225866801936 52.47475247827213 51.71899526387529 
0.0 0.0 0.0 0.0 
0.0 0.0 0.0 0.0 
0.0 0.0 0.0 0.0 
0.0 0.0 0.0 0.0 
0.0 0.0 0.0 0.0 
0.0 0.0 0.0 0.0 
0.0 0.0 0.0 0.0 
0.0 0.0 0.0 0.0 
0.0 0.0 0.0 0.0 
4.255910448616741 4.208358910840939 4.29492543320188 4.170637391325608 
0.0 0.0 0.0 0.0 
0.0 0.0 0.0 0.0 
0.0 0.0 0.0 0.0 
0.0 0.0 0.0 0.0 
0.0 0.0 0.0 0.0 
0.0 0.0 0.0 0.0 
0.0 0.0 0.0 0.0 
0.0 0.0 0.0 0.0 
0.0 0.0 0.0 0.0 
51.52869937379066 104.58763917062961 47.730403627707105 141.20041634283706 
0.0 0.0 0.0 0.0 
0.0 0.0 0.0 0.0 
0.0 0.0 0.0 0.0 
0.0 0.0 0.0 0.0 
0.0 0.0 0.0 0.0 
0.0 0.0 0.0 0.0 
0.0 0.0 0.0 0.0 
0.0 0.0 0.0 0.0 
0.0 0.0 0.0 0.0 
4.837843100211564 13.135366965523703 2.4694131899005978 20.883815549523703 
0.0 0.0 0.0 0.0 
0.0 0.0 0.0 0.0 
0.0 0.0 0.0 0.0 
0.0 0.0 0.0 0.0 
0.0 0.0 0.0 0.0 
0.0 0.0 0.0 0.0 
0.0 0.0 0.0 0.0 
0.0 0.0 0.0 0.0 
0.0 0.0 0.0 0.0 
0.0 0.0 0.0 0.0 
0.0 0.0 0.0 0.0 
0.0 0.0 0.0 0.0 
0.0 0.0 0.0 0.0 
0.0 0.0 0.0 0.0 
0.0 0.0 0.0 0.0 
0.0 0.0 0.0 0.0 
0.0 0.0 0.0 0.0 
0.0 0.0 0.0 0.0 
0.0 0.0 0.0 0.0 
0.0 0.0 0.0 0.0 
0.0 0.0 0.0 0.0 
0.0 0.0 0.0 0.0 
0.0 0.0 0.0 0.0 
0.0 0.0 0.0 0.0 
0.0 0.0 0.0 0.0 
0.0 0.0 0.0 0.0 
0.0 0.0 0.0 0.0 
0.0 0.0 0.0 0.0 
0.0 0.0 0.0 0.0 
0.0 0.0 0.0 0.0 
0.0 0.0 0.0 0.0 
0.0 0.0 0.0 0.0 
199.75140465029398 146.59869033565587 147.70774760790596 135.6019283544274 
143.34581771050622 146.90879637609683 140.99525259150727 139.19742446272664 
198.73164078607658 226.45443764753531 199.7456413378777 201.5163035192577 
98.78960193019569 147.5677534979282 87.10236378068652 87.22454943136401 
180.1184905875129 146.51367151137694 233.7459729993521 147.982562629692 
110.22867926785094 120.03044792334163 141.39604574444948 125.36353244929049 
111.35752930376789 118.91367019505256 118.02649172170287 207.4186587259742 
90.48669754706768 89.04784807404545 92.88179280447086 117.31090224224785 
57.95533968530286 70.0347441788139 65.32908696472737 66.7208835590178 
75.22646615344114 54.75985121330553 56.497807008793764 54.78815475875332 
0.0 0.0 0.0 0.0 
0.0 0.0 0.0 0.0 
0.0 0.0 0.0 0.0 
0.0 0.0 0.0 0.0 
0.0 0.0 0.0 0.0 
67.7916324695895 69.73919350051732 71.16485866595187 67.21423033949179 
0.0 0.0 0.0 0.0 
201.12773461202133 163.12009832358547 125.09899928957267 166.56324660161374 
13.185936134516757 4.437437894543331 6.815933887973868 5.178356649422209 
115.13277759459177 21.538095826095006 16.53745561561543 14.86931843173004 
0.0 0.0 0.0 0.0 
0.0 0.0 0.0 0.0 
0.0 0.0 0.0 0.0 
0.0 0.0 0.0 0.0 
0.0 0.0 0.0 0.0 
0.0 0.0 0.0 0.0 
0.0 0.0 0.0 0.0 
30.588188308293393 47.52525735703896 47.07982634671587 47.86433570225387 
8.973195314301238 89.23073029060984 13.670480164198432 43.52454679270753 
62.32940927061016 88.82564803828322 73.71505529186595 108.25113110111246 
0.0 0.0 0.0 0.0 
0.0 0.0 0.0 0.0 
0.0 0.0 0.0 0.0 
0.0 0.0 0.0 0.0 
0.0 0.0 0.0 0.0 
0.0 0.0 0.0 0.0 
0.0 0.0 0.0 0.0 
104.46965859282709 89.24465725844789 94.14865586211708 90.98011189742164 
86.22420754482708 64.76745280877515 89.2529172253163 63.37007333474112 
84.02623235089756 100.03867332215141 104.63058775240245 102.22075632785806 
0.0 0.0 0.0 0.0 
18.731120817919475 1.1125758668447723 10.300659708487352 0.0 
0.0 0.0 0.0 0.0 
0.0 0.0 0.0 0.0 
0.0 0.0 0.0 0.0 
0.0 0.0 0.0 0.0 
0.0 0.0 0.0 0.0 
0.0 0.0 0.0 0.0 
0.0 0.0 0.0 0.0 
0.0 0.0 0.0 0.0 
0.0 0.0 0.0 0.0 
11.79911994136624 0.8548151789756859 1.8551524281271843 3.044983829532198 
0.0 0.0 0.0 0.0 
0.0 0.0 0.0 0.0 
0.0 0.0 0.0 0.0 
0.0 0.0 0.0 0.0 
0.0 0.0 0.0 0.0 
0.0 0.0 0.0 0.0 
0.0 0.0 0.0 0.0 
0.0 0.0 0.0 0.0 
0.0 0.0 0.0 0.0 
19.119518901363158 36.52919673318988 7.178415167001041 39.08248257589455 
0.0 0.0 0.0 0.0 
0.0 0.0 0.0 0.0 
0.0 0.0 0.0 0.0 
0.0 0.0 0.0 0.0 
0.0 0.0 0.0 0.0 
0.0 0.0 0.0 0.0 
0.0 0.0 0.0 0.0 
0.0 0.0 0.0 0.0 
0.0 0.0 0.0 0.0 
64.2882248686788 64.80681863409757 82.15732208680726 67.01052606334108 
0.0 0.0 0.0 0.0 
0.0 0.0 0.0 0.0 
0.0 0.0 0.0 0.0 
0.0 0.0 0.0 0.0 
0.0 0.0 0.0 0.0 
0.0 0.0 0.0 0.0 
0.0 0.0 0.0 0.0 
0.0 0.0 0.0 0.0 
0.0 0.0 0.0 0.0 
0.0 0.0 0.0 0.0 
0.0 0.0 0.0 0.0 
0.0 0.0 0.0 0.0 
0.0 0.0 0.0 0.0 
0.0 0.0 0.0 0.0 
0.0 0.0 0.0 0.0 
0.0 0.0 0.0 0.0 
0.0 0.0 0.0 0.0 
0.0 0.0 0.0 0.0 
0.0 0.0 0.0 0.0 
0.0 0.0 0.0 0.0 
0.0 0.0 0.0 0.0 
0.0 0.0 0.0 0.0 
0.0 0.0 0.0 0.0 
0.0 0.0 0.0 0.0 
0.0 0.0 0.0 0.0 
0.0 0.0 0.0 0.0 
0.0 0.0 0.0 0.0 
0.0 0.0 0.0 0.0 
0.0 0.0 0.0 0.0 
0.0 0.0 0.0 0.0 
0.0 0.0 0.0 0.0 
0.0 0.0 0.0 0.0 
329.5428452580178 290.2697326390407 294.6186384397799 267.448799647813 
164.73626113152594 269.9640178639675 217.6409079181406 217.5691519255452 
262.9625628164643 317.5025511829945 275.2435091901591 279.2615649988332 
7.279422026751469 19.45802462109475 11.25587061387023 23.617139318150855 
0.0 0.0 0.0 0.0 
188.73366611312494 182.94642572663702 202.5276233041327 185.88373764602804 
179.44856042694568 181.94692232413428 181.74735897780545 255.999596621781 
176.10020070478998 185.73406967912754 176.45339227855854 247.86240318396995 
95.84427734657532 124.39348431319073 99.61294870787893 108.11439776918463 
76.86461147858363 110.49922461156241 86.14643056039048 120.5296822479003 
0.0 0.0 0.0 0.0 
0.0 0.0 0.0 0.0 
0.0 0.0 0.0 0.0 
0.0 0.0 0.0 0.0 
0.0 0.0 0.0 0.0 
89.88616437323282 114.89942582565405 98.29212762255793 147.67043336855983 
0.0 0.0 0.0 0.0 
225.7809238117306 150.88182339818775 140.0065658368174 137.83927913507927 
10.952680504071171 24.34537381758122 0.0 4.562856400629549 
33.95008789401943 63.60786950378903 121.47800237574373 65.02279774021542 
0.0 0.0 0.0 0.0 
0.0 0.0 0.0 0.0 
0.0 0.0 0.0 0.0 
0.0 0.0 0.0 0.0 
0.0 0.0 0.0 0.0 
0.0 0.0 0.0 0.0 
0.0 0.0 0.0 0.0 
38.849171506694425 34.80302394457425 44.12083053403886 39.446287948068 
0.0 0.0 0.0 0.0 
96.54218673024617 41.47386908933426 70.16055823351684 138.26120268778044 
0.0 0.0 0.0 0.0 
0.0 0.0 0.0 0.0 
0.0 0.0 0.0 0.0 
0.0 0.0 0.0 0.0 
0.0 0.0 0.0 0.0 
0.0 0.0 0.0 0.0 
0.0 0.0 0.0 0.0 
129.8248698209336 126.84060692257387 146.89404386434745 127.27863662509485 
154.60765033013234 119.72845964711547 118.97100151708455 122.17596606796641 
120.86413291824192 132.57821911498394 160.59736319759762 109.34357521529304 
0.0 0.0 0.0 0.0 
0.0 0.0 18.81948500732109 0.0 
0.0 0.0 0.0 0.0 
0.0 0.0 0.0 0.0 
0.0 0.0 0.0 0.0 
0.0 0.0 0.0 0.0 
0.0 0.0 0.0 0.0 
0.0 0.0 0.0 0.0 
0.0 0.0 0.0 0.0 
0.0 0.0 0.0 0.0 
0.0 0.0 0.0 0.0 
41.24158805373559 39.63083823419675 39.89185611404167 40.44866440431917 
0.0 0.0 0.0 0.0 
0.0 0.0 0.0 0.0 
0.0 0.0 0.0 0.0 
0.0 0.0 0.0 0.0 
0.0 0.0 0.0 0.0 
0.0 0.0 0.0 0.0 
0.0 0.0 0.0 0.0 
0.0 0.0 0.0 0.0 
0.0 0.0 0.0 0.0 
0.0 0.0 0.0 43.02284377815252 
0.0 0.0 0.0 0.0 
0.0 0.0 0.0 0.0 
0.0 0.0 0.0 0.0 
0.0 0.0 0.0 0.0 
0.0 0.0 0.0 0.0 
0.0 0.0 0.0 0.0 
0.0 0.0 0.0 0.0 
0.0 0.0 0.0 0.0 
0.0 0.0 0.0 0.0 
83.4287177407326 85.54454978937561 101.89268527844528 83.99224327829953 
0.0 0.0 0.0 0.0 
0.0 0.0 0.0 0.0 
0.0 0.0 0.0 0.0 
0.0 0.0 0.0 0.0 
0.0 0.0 0.0 0.0 
0.0 0.0 0.0 0.0 
0.0 0.0 0.0 0.0 
0.0 0.0 0.0 0.0 
0.0 0.0 0.0 0.0 
0.0 0.0 0.0 0.0 
0.0 0.0 0.0 0.0 
0.0 0.0 0.0 0.0 
0.0 0.0 0.0 0.0 
0.0 0.0 0.0 0.0 
0.0 0.0 0.0 0.0 
0.0 0.0 0.0 0.0 
0.0 0.0 0.0 0.0 
0.0 0.0 0.0 0.0 
0.0 0.0 0.0 0.0 
0.0 0.0 0.0 0.0 
0.0 0.0 0.0 0.0 
0.0 0.0 0.0 0.0 
0.0 0.0 0.0 0.0 
0.0 0.0 0.0 0.0 
0.0 0.0 0.0 0.0 
0.0 0.0 0.0 0.0 
0.0 0.0 0.0 0.0 
0.0 0.0 0.0 0.0 
0.0 0.0 0.0 0.0 
0.0 0.0 0.0 0.0 
0.0 0.0 0.0 0.0 
0.0 0.0 0.0 0.0 
