107.06727056616792 45.960499728314616 61.6938779846213 27.289576366725846 
90.57856238579637 29.55885956615491 27.280760670536882 29.894770634482402 
131.3630376267214 209.23908446382953 131.3199057115755 170.00443919035573 
48.2658517593298 48.94627550513507 43.575596287310546 64.6094926664245 
87.80877474769558 29.93930081621144 175.43185592007143 53.34916384714919 
101.36110542812659 107.51768958741104 134.97227877640967 92.21348302573034 
165.089070303827 179.27207116112766 174.51603594011345 220.73755133144508 
79.84007880131732 44.76013014253771 47.03194371591695 43.17156260220234 
25.66287912093595 33.03472191615083 29.55631923679565 28.524882275593683 
16.831279347656384 40.49321066308751 20.924045545013094 27.9946716423459 
0.0 0.0 0.0 0.0 
0.0 0.0 0.0 0.0 
0.0 0.0 0.0 0.0 
0.0 0.0 0.0 0.0 
0.0 0.0 0.0 0.0 
31.29514907414466 31.590794956520984 31.99468587581155 37.04360384597871 
0.0 0.0 0.0 0.0 
109.45110719542072 55.14240540672711 49.96455736694121 55.66643391195418 
0.0 0.0 0.0 0.0 
45.30961503622812 42.74482756869484 102.30785055246585 43.30579083919785 
0.0 0.0 0.0 0.0 
0.0 0.0 0.0 0.0 
0.0 0.0 0.0 0.0 
0.0 0.0 0.0 0.0 
0.0 0.0 0.0 0.0 
0.0 0.0 0.0 0.0 
0.0 0.0 0.0 0.0 
23.192766502474942 23.096965575282926 22.986152575426996 28.328499993850926 
23.32903240819822 26.90779611182845 23.435378910113652 23.776884363331643 
24.347744578497775 37.72496870952243 23.12289292618406 25.44859477233294 
0.0 0.0 0.0 0.0 
0.0 0.0 0.0 0.0 
0.0 0.0 0.0 0.0 
0.0 0.0 0.0 0.0 
0.0 0.0 0.0 0.0 
0.0 0.0 0.0 0.0 
0.0 0.0 0.0 0.0 
133.52904669072635 134.31521069770764 141.69874911591876 133.17663193613592 
0.0 0.0 14.923142667722907 0.0 
19.218293238845778 13.762393748842932 43.25537713297 13.146090686846808 
0.0 0.0 0.0 0.0 
1.4861040922567472 21.514192404274777 1.208200784322387 3.3731722917181797 
0.0 0.0 0.0 0.0 
0.0 0.0 0.0 0.0 
0.0 0.0 0.0 0.0 
0.0 0.0 0.0 0.0 
0.0 0.0 0.0 0.0 
0.0 0.0 0.0 0.0 
0.0 0.0 0.0 0.0 
0.0 0.0 0.0 0.0 
0.0 0.0 0.0 0.0 
21.725349967777518 18.05407646334221 18.61351405848223 18.45094042758776 
0.0 0.0 0.0 0.0 
0.0 0.0 0.0 0.0 
0.0 0.0 0.0 0.0 
0.0 0.0 0.0 0.0 
0.0 0.0 0.0 0.0 
0.0 0.0 0.0 0.0 
0.0 0.0 0.0 0.0 
0.0 0.0 0.0 0.0 
0.0 0.0 0.0 0.0 
9.43413967347529 21.958143449756957 15.206812425392542 67.85440537938192 
0.0 0.0 0.0 0.0 
0.0 0.0 0.0 0.0 
0.0 0.0 0.0 0.0 
0.0 0.0 0.0 0.0 
0.0 0.0 0.0 0.0 
0.0 0.0 0.0 0.0 
0.0 0.0 0.0 0.0 
0.0 0.0 0.0 0.0 
0.0 0.0 0.0 0.0 
17.55107402288949 19.68505817972682 30.778490908489808 13.160147098065703 
0.0 0.0 0.0 0.0 
0.0 0.0 0.0 0.0 
0.0 0.0 0.0 0.0 
0.0 0.0 0.0 0.0 
0.0 0.0 0.0 0.0 
0.0 0.0 0.0 0.0 
0.0 0.0 0.0 0.0 
0.0 0.0 0.0 0.0 
0.0 0.0 0.0 0.0 
0.0 0.0 0.0 0.0 
0.0 0.0 0.0 0.0 
0.0 0.0 0.0 0.0 
0.0 0.0 0.0 0.0 
0.0 0.0 0.0 0.0 
0.0 0.0 0.0 0.0 
0.0 0.0 0.0 0.0 
0.0 0.0 0.0 0.0 
0.0 0.0 0.0 0.0 
0.0 0.0 0.0 0.0 
0.0 0.0 0.0 0.0 
0.0 0.0 0.0 0.0 
0.0 0.0 0.0 0.0 
0.0 0.0 0.0 0.0 
0.0 0.0 0.0 0.0 
0.0 0.0 0.0 0.0 
0.0 0.0 0.0 0.0 
0.0 0.0 0.0 0.0 
0.0 0.0 0.0 0.0 
0.0 0.0 0.0 0.0 
0.0 0.0 0.0 0.0 
0.0 0.0 0.0 0.0 
0.0 0.0 0.0 0.0 
143.5551317967696 124.70821820022492 132.32667818062086 121.65969351565218 
122.87515047726697 107.2935802662692 95.80037461223277 99.48671928877569 
144.5363687908232 177.9917071967984 142.76448501093216 160.30143950719693 
86.76704015822352 90.69731386039555 123.64045321343606 106.78803458142744 
127.38691377863995 121.46016344922994 134.11532035273598 117.45876769498635 
84.83821337197756 90.18756280473822 70.4200258319939 73.9703564935338 
116.00140084276447 143.406903058249 126.8326436552926 174.73755178913237 
118.88081236816609 94.53021546653544 93.60505779859658 94.14749392190177 
9.419462883414432 32.59064365678111 9.64654477054695 23.08387748437959 
2.293143240141158 51.5200537841613 29.34595722698718 41.13171841588721 
0.0 0.0 0.0 0.0 
0.0 0.0 0.0 0.0 
0.0 0.0 0.0 0.0 
0.0 0.0 0.0 0.0 
0.0 0.0 0.0 0.0 
33.80654557012899 40.726039316249384 26.046341717205518 68.30897353219267 
0.0 0.0 0.0 0.0 
140.09402250422244 76.71328725738648 49.147976128203794 94.22153068311171 
0.0 0.0 0.0 0.0 
51.99444220070833 7.6057805797846605 46.8653825252348 0.0 
0.0 0.0 0.0 0.0 
0.0 0.0 0.0 0.0 
0.0 0.0 0.0 0.0 
0.0 0.0 0.0 0.0 
0.0 0.0 0.0 0.0 
0.0 0.0 0.0 0.0 
0.0 0.0 0.0 0.0 
41.95323752436327 61.76685837469638 47.86624243439369 49.39896029984059 
52.91383753503917 63.356680657299464 45.573859487686576 52.782935158756615 
73.88166412866258 75.18147440019942 68.97532286563276 95.71888685805382 
0.0 0.0 0.0 0.0 
0.0 0.0 0.0 0.0 
0.0 0.0 0.0 0.0 
0.0 0.0 0.0 0.0 
0.0 0.0 0.0 0.0 
0.0 0.0 0.0 0.0 
0.0 0.0 0.0 0.0 
81.32882280733789 63.715059791571264 57.05975487318296 64.49350777264641 
9.08503218349827 11.5372367645116 41.07877232194995 5.087881552509179 
43.424126787998006 95.07698949408368 59.44518403334751 78.46870774294912 
0.0 0.0 0.0 0.0 
11.249442520849586 13.361969565335105 2.6326177756048796 41.16451202796061 
0.0 0.0 0.0 0.0 
0.0 0.0 0.0 0.0 
0.0 0.0 0.0 0.0 
0.0 0.0 0.0 0.0 
0.0 0.0 0.0 0.0 
0.0 0.0 0.0 0.0 
0.0 0.0 0.0 0.0 
0.0 0.0 0.0 0.0 
0.0 0.0 0.0 0.0 
9.094391672450977 7.325528977751144 1.1458933507288234 0.0 
0.0 0.0 0.0 0.0 
0.0 0.0 0.0 0.0 
0.0 0.0 0.0 0.0 
0.0 0.0 0.0 0.0 
0.0 0.0 0.0 0.0 
0.0 0.0 0.0 0.0 
0.0 0.0 0.0 0.0 
0.0 0.0 0.0 0.0 
0.0 0.0 0.0 0.0 
0.0755719692260855 0.0 1.0018803002347376 1.7705983193246135 
0.0 0.0 0.0 0.0 
0.0 0.0 0.0 0.0 
0.0 0.0 0.0 0.0 
0.0 0.0 0.0 0.0 
0.0 0.0 0.0 0.0 
0.0 0.0 0.0 0.0 
0.0 0.0 0.0 0.0 
0.0 0.0 0.0 0.0 
0.0 0.0 0.0 0.0 
4.854497442762078 16.419724807750978 13.961798023954362 48.63582115825563 
0.0 0.0 0.0 0.0 
0.0 0.0 0.0 0.0 
0.0 0.0 0.0 0.0 
0.0 0.0 0.0 0.0 
0.0 0.0 0.0 0.0 
0.0 0.0 0.0 0.0 
0.0 0.0 0.0 0.0 
0.0 0.0 0.0 0.0 
0.0 0.0 0.0 0.0 
0.0 0.0 0.0 0.0 
0.0 0.0 0.0 0.0 
0.0 0.0 0.0 0.0 
0.0 0.0 0.0 0.0 
0.0 0.0 0.0 0.0 
0.0 0.0 0.0 0.0 
0.0 0.0 0.0 0.0 
0.0 0.0 0.0 0.0 
0.0 0.0 0.0 0.0 
0.0 0.0 0.0 0.0 
0.0 0.0 0.0 0.0 
0.0 0.0 0.0 0.0 
0.0 0.0 0.0 0.0 
0.0 0.0 0.0 0.0 
0.0 0.0 0.0 0.0 
0.0 0.0 0.0 0.0 
0.0 0.0 0.0 0.0 
0.0 0.0 0.0 0.0 
0.0 0.0 0.0 0.0 
0.0 0.0 0.0 0.0 
0.0 0.0 0.0 0.0 
0.0 0.0 0.0 0.0 
0.0 0.0 0.0 0.0 
308.9731812612163 274.9774136813563 275.27249539861356 276.37874162612366 
176.68258293384932 181.2826790684703 174.66016173328742 177.1931281061665 
256.569509760762 301.02575841953245 246.3714553129012 262.60324657710123 
177.9338792895765 213.56359162295908 207.9347482145057 213.95250584377163 
205.52030446399712 207.10324110754397 208.9438855121374 204.47968629930503 
165.19477436888616 168.21430707738057 180.6101044811454 166.91892919959784 
206.89857670939267 217.80390910221445 210.32836798577398 242.50494163721837 
183.67666183414613 189.17575899180804 186.04697893239145 217.81724911578334 
66.40804945600536 121.35847917308523 73.643400903782 92.86122061268068 
84.64040253328216 113.71070310743251 95.90834669674719 138.5694760058824 
0.0 0.0 0.0 0.0 
0.0 0.0 0.0 0.0 
0.0 0.0 0.0 0.0 
0.0 0.0 0.0 0.0 
0.0 0.0 0.0 0.0 
114.6600382893069 125.14548579113419 118.68192538702453 144.0646174525837 
0.0 0.0 0.0 0.0 
147.86970771178167 152.4399451647124 168.84638184618072 147.39963350357496 
0.0 0.0 0.0 0.0 
0.0 0.0 0.0 0.0 
0.0 0.0 0.0 0.0 
0.0 0.0 0.0 0.0 
0.0 0.0 0.0 0.0 
0.0 0.0 0.0 0.0 
0.0 0.0 0.0 0.0 
0.0 0.0 0.0 0.0 
0.0 0.0 0.0 0.0 
0.0 0.0 0.0 0.0 
0.0 0.0 0.0 0.0 
43.40651604067732 45.14529555767548 61.29581228858312 112.37053823863879 
0.0 0.0 0.0 0.0 
0.0 0.0 0.0 0.0 
0.0 0.0 0.0 0.0 
0.0 0.0 0.0 0.0 
0.0 0.0 0.0 0.0 
0.0 0.0 0.0 0.0 
0.0 0.0 0.0 0.0 
127.39213146017353 116.2799820535368 107.32895592913512 109.84560778156047 
100.14166387810657 82.22288266370006 79.97663874397972 77.55016371363462 
59.437295642445655 67.34338891146915 114.4606254083658 52.829643329027576 
0.0 0.0 0.0 0.0 
0.0 0.0 0.0 0.0 
0.0 0.0 0.0 0.0 
0.0 0.0 0.0 0.0 
0.0 0.0 0.0 0.0 
0.0 0.0 0.0 0.0 
0.0 0.0 0.0 0.0 
0.0 0.0 0.0 0.0 
0.0 0.0 0.0 0.0 
0.0 0.0 0.0 0.0 
0.0 0.0 0.0 0.0 
0.0 0.0 0.0 0.0 
0.0 0.0 0.0 0.0 
0.0 0.0 0.0 0.0 
0.0 0.0 0.0 0.0 
0.0 0.0 0.0 0.0 
0.0 0.0 0.0 0.0 
0.0 0.0 0.0 0.0 
0.0 0.0 0.0 0.0 
0.0 0.0 0.0 0.0 
0.0 0.0 0.0 0.0 
0.0 0.0 0.0 0.0 
0.0 0.0 0.0 0.0 
0.0 0.0 0.0 0.0 
0.0 0.0 0.0 0.0 
0.0 0.0 0.0 0.0 
0.0 0.0 0.0 0.0 
0.0 0.0 0.0 0.0 
0.0 0.0 0.0 0.0 
0.0 0.0 0.0 0.0 
0.0 0.0 0.0 0.0 
86.46817867842331 87.21663565177685 101.97766958818579 86.86919994587478 
0.0 0.0 0.0 0.0 
0.0 0.0 0.0 0.0 
0.0 0.0 0.0 0.0 
0.0 0.0 0.0 0.0 
0.0 0.0 0.0 0.0 
0.0 0.0 0.0 0.0 
0.0 0.0 0.0 0.0 
0.0 0.0 0.0 0.0 
0.0 0.0 0.0 0.0 
0.0 0.0 0.0 0.0 
0.0 0.0 0.0 0.0 
0.0 0.0 0.0 0.0 
0.0 0.0 0.0 0.0 
0.0 0.0 0.0 0.0 
0.0 0.0 0.0 0.0 
0.0 0.0 0.0 0.0 
0.0 0.0 0.0 0.0 
0.0 0.0 0.0 0.0 
0.0 0.0 0.0 0.0 
0.0 0.0 0.0 0.0 
0.0 0.0 0.0 0.0 
0.0 0.0 0.0 0.0 
0.0 0.0 0.0 0.0 
0.0 0.0 0.0 0.0 
0.0 0.0 0.0 0.0 
0.0 0.0 0.0 0.0 
0.0 0.0 0.0 0.0 
0.0 0.0 0.0 0.0 
0.0 0.0 0.0 0.0 
0.0 0.0 0.0 0.0 
0.0 0.0 0.0 0.0 
0.0 0.0 0.0 0.0 
