386.21715049562636 430.92559789365816 195.2678829484586 391.63453734859246 412.6355364677652 
346.92048400361386 444.27018856493004 322.3216122814385 245.399392017251 414.27767091119006 
144.50403403140166 144.50403403140166 0.0 173.81717429789424 144.50403403140166 
0.0 0.0 0.0 0.0 0.0 
391.0002477904585 281.9395455875482 0.0 0.0 4.579575413585635 
370.06608028076033 339.8389253414089 352.8716682243852 317.5218361214458 451.03469041714027 
752.2064480695739 656.7053250245808 564.8295881887292 637.2141932655586 661.659451175956 
674.346918066409 566.0340148044264 452.6437664579006 471.84895370360783 481.2011863382753 
208.6120966724866 284.0459826034342 254.24780353444123 193.14610847156757 253.171878719903 
368.84508483875663 223.0174465349857 170.77112686660934 249.80840161364466 285.4551037909696 
101.06026853421363 93.55868642350887 144.62990259625064 101.40278428609031 103.46726202565199 
87.27080402812082 156.5779002785551 97.37253351178026 88.73415649228517 124.24534311168472 
82.86381050820697 275.00571234697986 259.2518794919856 204.86548086830467 264.126172403934 
233.7616721661912 230.62081872455883 217.09634553702404 225.2025319156056 256.15099600784384 
219.65046992292787 231.96690890868334 232.0992906288138 230.0413955407961 221.3509670335656 
241.18951562183915 244.59794296649156 240.94812984913102 240.42988772023884 229.13645933121768 
88.53399774554322 192.83840306138055 294.9259591086121 162.87704595647318 500.95659379355124 
303.3286367397705 472.32726418245926 360.63914019851114 400.17906113811034 402.1530666285378 
69.49406490792697 91.32016084107211 51.137458868924284 82.40716720697114 152.55930294799748 
86.2048147004466 91.53653921159884 94.03896046788063 80.12051577636457 90.88855226512614 
146.00161282775954 89.52220428388625 47.668037696646174 88.18780320387134 171.5691781055417 
89.7215120159557 163.15425802468042 223.76504633153002 180.98460095250778 194.15530860811086 
390.1633197071324 701.8178850098125 544.9837948928664 476.97204101483453 464.4306799125545 
243.2496603387321 621.7965032908137 522.3492030927656 437.98696928404433 617.7767152324044 
0.0 0.0 178.59903936122123 0.0 16.45261337261674 
7.673948669533472 0.0 0.0 0.0 0.0 
0.0 56.89368984802254 13.699933821057837 -9.642529167175784 13.914027373042913 
32.78950847988745 119.48401617153124 7.014132945473964 53.92797763446187 61.90947380395251 
27.591236447411458 54.53611529263585 192.77047759252898 14.640131195782502 161.90891234093317 
20.259469583222316 24.755407802461647 93.51917065734406 10.678501473522156 49.987018354276934 
0.3844886031953574 24.9532127247772 22.13325063971864 3.3443752174286008 18.357076183585278 
84.71775799533735 0.0 276.8771863637745 111.54686740201122 207.37091949341306 
0.0 0.0 0.0 0.0 0.0 
0.0 0.0 0.0 0.0 0.0 
0.0 0.0 0.0 0.0 0.0 
0.0 0.0 399.91640618740996 100.33140000000002 100.33140000000002 
0.0 0.0 0.0 0.0 0.0 
0.0 0.0 264.42292062785543 0.0 0.0 
0.4511790798158515 0.0 0.4873473422258773 0.4511790798158515 0.8109751819774962 
0.0 0.0 0.0 0.0 0.0 
306.9802874489343 350.86829528628135 343.6611676679805 337.3550973344145 306.18030243867446 
261.9878488031484 261.7480462719229 287.63540800290684 278.38989024251725 297.62416490584354 
156.4677497333945 76.70440991417375 127.39960477013926 125.74663440755131 203.19573518846423 
195.5069853837749 258.7109442358824 201.73085766868044 187.97739574377812 313.560181766659 
274.34767827583033 230.84427268600228 350.69525436491193 271.03427296595197 243.0100977858533 
241.96780214638505 242.18938620526097 251.7491078045801 213.1108388260564 239.00952982356046 
294.81697751025456 268.94259151603006 326.8878954859615 273.08138766448855 305.9077803444711 
298.82212350690236 307.9607125510129 346.6828674528151 323.5089538126374 308.2656258201474 
0.0 109.80340000000001 0.0 0.0 0.0 
0.0 0.8479568466105452 109.80340000000001 249.66666666666669 0.0 
198.74698128839933 419.09722742575207 0.0 377.19083504231946 405.53691345713526 
77.76799599528854 0.0 0.0 30.89345974032585 59.40284817426493 
0.0 0.0 0.0 249.33333333333331 0.0 
6.982087619135283 21.911729873764095 6.574263748129389 7.192524736574325 9.693706329720152 
87.09466052180476 415.3663038365287 284.2479222748997 138.7140357771272 309.314487044693 
92.04844032489106 120.73675894811849 250.39181451179724 3.120509683046976 34.60873721664297 
336.09297684752744 330.41580221335585 173.18450649670342 366.5483436969779 409.46605522041176 
140.28587695021932 344.3408413679116 231.8396956637879 397.2006885164741 271.5234040395436 
2.858060445500354 57.92205014544787 0.0 0.0 0.0 
0.0 0.0 0.0 0.0 0.0 
34.15954139400614 0.0 273.61811311141855 0.0 0.0 
336.1305025842177 374.15885771472915 328.3603726824162 399.5952664911336 363.3657018393826 
307.0620323078864 282.5250756890034 301.1975584204012 280.71575744329465 282.842599992357 
344.9509493513509 303.24023793382383 341.9765190786218 463.65751801934357 335.2752130631931 
714.5363093916213 444.7928623331122 696.9174228188906 437.092265889676 582.7275019335655 
278.6745817539338 275.66399302126166 286.0674883997415 316.64749751899086 261.04651816567974 
655.4987765517508 1012.6813815626201 684.806813039005 856.9177769847868 926.7991268414837 
268.480758917095 400.6044994503337 278.65472608308704 320.20721944652433 329.4355361352228 
323.2912309276857 199.73812245479803 356.7325727591872 407.5869442078433 439.2853324420315 
283.6128137560681 301.7211634398811 300.3802929676539 294.33601267939576 308.41082555443234 
208.37595886656834 355.5580225782072 350.7813542992813 649.7247126801096 318.1088241557396 
309.86913410679324 320.5959765521543 257.16131039014135 324.3560969096129 324.5186426333178 
0.0 0.0 0.0 0.0 0.0 
0.0 0.0 0.0 0.0 0.0 
0.0 0.0 0.0 0.0 0.0 
0.0 0.0 0.0 0.0 0.0 
0.0 0.0 0.0 0.0 0.0 
0.0 0.0 0.0 0.0 0.0 
0.0 0.0 0.0 0.0 0.0 
0.0 0.0 0.0 0.0 0.0 
122.84146857707057 159.5237281749912 126.0373039735756 120.79656816182515 147.39659262379092 
120.25331121671127 207.31316156361052 112.61529701869547 153.8037286669936 173.78123922699166 
55.10741006857572 132.44650758331946 70.8366323303911 60.25825243029534 75.14545217322816 
77.82875184541783 37.59345952650034 90.81347620787906 45.01658728290153 78.91028842327329 
0.0 0.0 0.0 0.0 0.0 
0.0 0.0 0.0 0.0 0.0 
44.511129726864745 19.795545733270497 33.57636562570712 57.152199308621164 93.73929866563225 
193.0914735283858 191.07259736862363 202.17579212689415 205.05694263380775 183.2717820536659 
472.17064466200895 676.31299913276 270.37771468025414 626.3247574295302 651.486537896659 
281.198847067312 579.528715880728 396.9781034694496 467.9152308234756 455.99717364321896 
0.0 79.10905780750076 91.52731997688628 87.52400925755025 87.2490362672782 
121.81420481864922 122.28934825345786 153.03678509413632 2.1197225242362436 122.5414910361963 
133.43997761556298 405.13565115435875 0.0 262.09287829689845 88.32363808198076 
335.36019159081167 685.5434464858656 377.86970547460845 454.38840938861665 571.0033407035014 
378.2887385380543 436.93871383470855 336.1483572473892 395.5307132732556 555.3012703931847 
665.0045158313008 792.1707791576164 566.1486930568396 625.8638300539911 647.2748740111575 
0.0 0.2818639197353076 0.0 2.186525630927267 9.782074023701515 
0.0 0.0 0.0 0.0 0.0 
15.03271670985351 13.886928946074626 11.056516463766059 12.334034306656598 11.321898948427975 
19.704693195690847 14.629531491745025 41.44670464712481 24.793063864431403 20.543415841954506 
13.431836320465292 12.408605886114879 12.34992221065507 12.308961710162425 12.183088459495835 
13.784528475639028 12.728677540695159 28.404767605205492 12.968802397383623 13.107763197950103 
1.2492776510695043 24.081648154422506 21.7511710899963 64.24713892592564 19.992770344866358 
0.0 0.0 0.0 0.0 0.0 
0.0 0.0 0.0 0.0 0.0 
0.0 0.0 0.0 0.0 0.0 
0.0 3.2189108726759708 0.0 1.4944715561539013 2.9902688863741753 
0.0 7.898864438366644 1.0997271533363806 0.12934834926457794 1.0623425078855173 
0.0 0.0 0.0 0.0 0.0 
0.0 0.0 0.6888446945474149 1.3352064171481248 1.044930571587133 
0.0 6.25929537016142 6.103246050697884 0.0 6.404305286474797 
0.0 0.0 0.0 0.0 0.0 
8.247120079430983 130.5882759707962 0.0 36.478400442793195 88.49684726538864 
0.0 305.5637706297409 0.0 0.0 0.0 
144.15375430194666 193.54706667753283 246.16525175379422 219.14938042312858 193.5569933463122 
77.8548487884203 84.71858783330774 80.15763805499893 146.8163513595308 83.02214610059977 
61.27042100739499 115.35474987749556 23.965179821896385 32.858756233648535 143.3426992562275 
169.24592586552097 157.50863630799154 222.23366783378435 156.13334111709622 167.15670490770603 
149.58111692151988 137.76466845874134 255.06035289293288 102.10319054531242 168.60388217874657 
194.58067799995274 232.25908304517196 189.5210299359635 183.50268654792717 184.37097939915236 
268.47418453182144 442.7359662694497 434.77990407494434 455.676458774897 455.0855446148044 
553.6637553959567 574.4378611683065 559.9192297507939 601.7499889228343 543.4223924658745 
0.0 0.0 0.0 0.0 0.0 
0.0 0.0 0.0 0.0 0.0 
0.0 0.0 0.0 0.0 0.0 
0.0 0.0 0.0 0.0 0.0 
0.0 0.0 0.0 0.0 0.0 
387.14534861080983 487.7365056609855 415.0298033226261 625.5415860259143 504.2459844272537 
2.917120574277296 39.53374834310948 4.536362769325941 7.82437270133444 9.01801630905889 
0.0 57.07919568601642 19.824243335344878 32.116636263150156 37.69251089172753 
0.0 0.0 0.0 0.0 0.0 
0.0 0.0 0.0 0.0 0.0 
0.0 0.0 0.0 0.0 0.0 
0.0 0.0 0.0 0.0 0.0 
0.0 0.0 0.0 0.0 0.0 
141.4803034084498 140.45806379100105 150.8549543526594 148.9450349016629 142.33161695195767 
178.57269337182908 295.20193708973216 114.22180509858833 260.19138342942006 291.7148305599744 
305.1918549165857 399.0820657600535 377.2446941633532 304.10282018669966 500.508141741381 
381.3606933644719 861.8342381512209 425.5733061940406 431.4549801819666 461.2597404163503 
33.69662133870335 99.88965474574867 347.23780289236123 179.7669886489583 292.93767907989104 
138.8051866214471 157.14001198396767 0.634801716008175 58.21489526903491 135.01521005780666 
300.3751529880765 285.37578576284034 304.4519451894965 244.7187431013657 278.4524015754311 
375.16312872714974 379.2846060992177 293.9510839370037 358.5309042038247 364.99405720848495 
295.66389523184637 269.72246545656736 267.31881089431806 296.53060073502394 284.04391505889384 
0.0 0.0 0.0 0.0 0.0 
0.0 0.0 0.0 0.0 0.0 
0.0 0.0 0.0 0.0 0.0 
0.0 0.0 0.0 0.0 0.0 
0.0 0.0 0.0 0.0 0.0 
0.0 0.0 0.0 0.0 0.0 
0.0 0.0 0.0 0.0 0.0 
958.1979427528959 879.7865910310132 859.9803225537036 873.6146045931605 837.980134628353 
77.21690677938955 105.31632299800756 -163.0174586857967 109.8688230663592 114.28719569722932 
137.33176676559665 172.52897433013055 0.0 178.99422437849492 174.61542318853003 
0.0 0.0 0.0 0.0 0.0 
0.0 0.0 0.0 47.72754026496659 0.0 
58.3778044701135 24.343544464037333 0.0 0.0 26.479120454677943 
194.68396977361078 196.09985652162678 116.96472430922543 242.45551191328173 207.5294548171579 
242.67603375958385 205.23541346941226 251.55805500194168 211.58689719769137 236.44733153446546 
254.81885586680121 266.07807337824624 255.71778083000592 287.4816979350652 260.7999174537365 
0.0 0.0 0.0 0.0 0.0 
0.0 0.0 0.0 0.0 0.0 
0.0 0.0 0.0 0.0 0.0 
0.0 0.0 0.0 0.0 0.0 
0.0 0.0 0.0 0.0 0.0 
0.0 0.0 0.0 0.0 0.0 
0.0 0.0 0.0 0.0 0.0 
0.0 0.0 0.0 0.0 0.0 
0.0 3.76845839648069 0.0 8.846146470611949 2.0769910056126313 
10.417121393543699 0.0 0.0 0.0 3.1698815806398346 
0.0 0.0 0.0 0.0 0.0 
38.62853750491212 25.521976496841475 52.24270670184887 64.73204164584229 57.61118013462015 
8.153311558675012 5.22613899480112 24.376890484683187 0.0 8.070159710759205 
13.079250194265317 12.763306106008624 12.681187180697911 9.383539918534396 12.357306964430975 
7.346607447709227 0.0 8.983269128260087 0.0 15.298664196933192 
0.0 15.014088454648082 221.761871296555 15.014088454648082 27.687720744631804 
0.0 0.0 0.0 0.0 0.0 
0.0 0.0 0.0 0.0 0.0 
0.0 0.0 0.0 0.0 0.0 
0.0 0.0 0.0 0.0 0.0 
0.912599342564151 0.0 0.0 0.0 0.0 
0.0 0.0 0.0 13.516519998492408 0.0 
0.0 0.3321743685634707 0.0 0.8262955468483657 0.4995902503194599 
6.334636914141509 2.633322667745686 0.0 0.0 4.816778609124244 
0.0 0.0 0.0 0.0 0.0 
0.0 0.0 0.0 9.660611374504956 0.0 
0.0 0.0 0.0 0.0 0.0 
6.870365030915742 4.442059244052684 0.0 0.0 71.90716512152845 
119.90554130277339 12.069578343005901 186.7322196291298 46.49794317321911 86.28090336522604 
217.2482079023888 246.46187084325942 228.24591162378516 294.23229296512324 255.30910345508562 
165.27309944471475 86.22092168051739 66.69810744241543 0.0 103.59604327577628 
253.02631517996167 326.323128352851 305.11742958057664 440.022846910069 358.11646485860683 
0.0 0.0 17.015969187629892 10.9322162955932 1.9280510382231584 
0.0 0.0 0.0 0.0 0.0 
0.0 0.0 0.0 0.0 0.0 
0.0 0.0 0.0 0.0 0.0 
0.0 0.0 0.0 0.0 0.0 
23.47049795590471 24.417083365990408 18.561549651034134 22.2964851630665 31.679673052567047 
1.7950896215513654 2.1467851452682982 2.7904248869829202 99.8211690993135 2.1776483295041054 
36.53942279978297 44.63264555007284 86.59674333227863 34.754029680993966 33.29446352311366 
52.423234576398265 93.28997859704285 57.59458043623225 62.43164510218391 133.17260001764066 
4.183969602294463 37.651210006460126 9.39795508152395 179.7344964455629 58.44441833509985 
0.0 0.0 0.0 0.0 0.0 
0.0 0.0 0.0 0.0 0.0 
-240.0 11.96861558527476 0.0 0.0 5.170441932838696 
174.66552379971625 177.20132788382273 179.91202103688437 176.38955584401157 168.60927567506758 
170.0909510381518 162.570528963556 151.9214055860764 158.94297349565517 162.95483140475955 
122.72422526587192 125.7918515065905 149.55765381063128 119.55796531051867 116.2938784319935 
0.0 524.6942491142228 491.64488800365086 98.49069596571933 268.8052575399488 
424.1654724321544 328.9984856584919 0.0 132.1253983179157 278.76493946101846 
0.0 0.0 0.0 0.0 0.0 
0.0 0.0 0.0 196.8201843988271 100.92937179471906 
0.26322331661750664 0.23912868366025777 0.0 0.0 0.5669243330020336 
0.33215359838853314 149.88553084082253 6.0631068239391075 251.31284918065265 8.751019531766817 
165.88274749357686 208.59750431337127 351.3003634265374 130.24594941457286 273.56903477168873 
286.04430328112585 275.27583297169235 240.02257842142626 283.71006576498127 261.3584613286984 
407.8357662658035 287.95774610174584 214.3290143904769 200.59539923697548 329.15631421304965 
324.4602044793645 164.60562794917928 239.5717084972734 192.45080502492777 223.33024066845354 
0.0 0.4161436375969531 0.0 196.97061350665658 0.3800888874101649 
0.0 0.0 0.0 0.0 0.0 
0.0 0.0 0.0 0.0 0.0 
0.0 0.0 0.0 0.0 0.0 
240.28246852192788 240.28796908775038 270.3607179031435 241.36597279255383 285.12255516986966 
189.56413144322974 185.59883576116027 195.84776861120756 201.56371430900265 194.79591623279896 
216.68438555739553 239.36559667493054 215.05894434052706 207.56272575991272 215.11047811273275 
176.17690858932073 216.22910735126314 183.7667492599312 181.3464461966993 199.22049959318412 
95.32923673021654 73.37537106579774 63.75196732651635 59.11407655212836 73.02702241609421 
0.0 58.65426150112749 0.0 17.23223749032989 26.652527318376897 
0.0 0.0 0.0 0.0 0.0 
0.0 0.0 0.0 0.0 0.0 
182.22740581757017 191.1985398670937 187.04644950289588 190.55379464968664 179.67317811208952 
231.84291855374087 218.02167737103838 244.4460819177322 227.26586900132475 220.97529037286324 
0.0 0.0 0.0 0.0 0.0 
0.0 0.0 0.0 0.0 0.0 
0.0 0.0 0.0 0.0 0.0 
0.0 0.0 0.0 0.0 0.0 
0.0 0.0 0.0 0.0 0.0 
751.6022529026551 709.6864926777441 666.4363593643485 667.0229935326015 683.4995027692532 
0.0 0.0 0.0 0.0 0.0 
0.0 0.0 0.0 0.0 0.0 
0.0 0.0 0.0 0.0 0.0 
0.0 0.0 0.0 0.0 0.0 
0.0 0.0 0.0 0.0 0.0 
4.853213115691375 5.343743701451847 1.4863934935861816 7.040961147789183 7.325646247635433 
0.5686255457078268 1.3345177496369462 0.5726508261594352 2.8209122746814788 1.1865598815391865 
12.173253107672771 12.28259512002386 12.276452909427679 12.880690263946061 12.176280385045033 
0.0 0.0 0.0 0.0 0.0 
0.0 0.0 0.0 0.0 0.0 
0.0 0.0 0.0 0.0 0.0 
0.0 0.0 0.0 0.0 0.0 
0.0 0.0 0.0 0.0 0.0 
0.0 55.8890007439653 0.37695419142643455 0.836948601635681 0.8558014449171852 
0.0 1.3681644941474969 0.0 1.2162103486532003 1.355991563191745 
0.8944436137943219 0.9014081758920058 0.9828521869881173 3.021105497069769 0.8847132307884342 
0.0 0.0 0.0 0.0 0.0 
0.0 0.0 0.0 0.0 0.0 
0.0 0.0 0.0 0.0 0.0 
0.0 0.0 0.0 0.0 0.0 
0.0 0.0 0.0 0.0 0.0 
14.307847081679634 26.914171751826743 13.563188740432324 12.967855200776157 13.363562162367288 
4.024792108506071 16.056289784036345 15.333329697103306 46.053047503899336 11.111757001340525 
92.4907455433176 143.16778227964994 140.24963024956654 159.5711850416567 145.6687186410592 
0.0 0.0 0.0 0.0 0.0 
0.0 0.0 0.0 0.0 0.0 
399.60266298439416 396.8567943704481 437.6189996360559 448.0729759174111 407.0905600085721 
468.0099286403916 474.74798104765273 515.4891553252987 741.2357876450105 483.6770708168588 
364.2953307887564 448.27064173246447 366.4903119855642 499.8128913251576 529.5434688644705 
0.0 0.0 0.0 0.0 0.0 
0.0 0.0 0.0 0.0 0.0 
0.0 0.0 0.0 0.0 0.0 
362.5436924866274 284.97738989239235 398.9359741351907 249.49281947691264 364.23986398803765 
332.74515446965233 331.79132596590046 323.63040007997665 390.6996025890569 339.4720099074352 
83.82516549106215 164.37065439745993 107.62874183556931 104.49847785543783 125.95770963035221 
127.86046092323735 49.48605266011606 48.08893366842062 56.96976893321906 74.43153721920739 
0.0 50.0 0.0 22.32 0.0 
0.0 0.0 0.0 0.0 0.0 
0.0 0.0 0.0 0.0 0.0 
0.0 0.0 0.0 0.0 0.0 
238.72324718200284 228.53608558036717 262.89992328770495 205.41070006844512 247.93449432105834 
144.3122851396899 140.86713122702918 166.7892811881335 165.19161226827396 140.98649237230728 
385.391415016337 401.4081378247573 454.9153517240374 401.0864602942586 408.92558439507513 
433.97706160562075 404.00487210421454 487.77898412004237 380.9533171222304 439.1019471122984 
286.97515335218765 250.2697348688266 245.83428732749053 334.5311869103465 377.16079179720674 
0.0 0.0 0.0 0.0 0.0 
0.0 0.0 0.0 0.0 0.0 
159.73820807583223 168.6796537665609 164.09592631618665 176.39138411067455 387.41395752599436 
279.5839770398702 115.65899757905629 150.4301845374012 138.31766026914568 179.50007518995676 
172.25015442885638 277.878939337379 289.74991256862904 294.091381817329 358.75505290787396 
69.28730096429243 28.851232121531368 0.0 44.93475471977064 111.9944468133232 
0.0 0.0 156.0467414868949 0.0 82.60926779366142 
0.0 0.0 0.0 0.0 0.0 
0.0 0.0 0.0 0.0 0.0 
90.92151051800641 0.0 0.0 0.0 0.0 
114.81501060939758 179.03328259022362 238.6928628353396 159.1293066967649 144.30832013618704 
187.7206095699965 166.08082715111115 192.22232965845285 179.44298258892164 180.60450696540795 
153.0132537773723 151.8497670560081 174.3294587353712 176.00379458184892 158.80224176402982 
164.44669043410732 141.52718610669027 -204.811473972732 125.32524439263219 138.98366271174575 
117.2668493313877 102.2349343695667 111.21732926006487 83.34078101865019 106.98192348129803 
93.19727836919085 94.57299237373903 92.48577560281012 105.7857893078758 88.68836599186994 
71.27026214290363 70.06745547271781 81.63934473977146 53.8685316317486 80.52154436177031 
0.0 0.0 51.337663715444435 0.0 0.0 
0.0 73.79126907482355 0.0 0.0 32.939408222725945 
0.0 101.12780568570663 0.0 0.0 9.214336857997463 
107.63222050031594 221.103153057775 139.36195957451224 141.32931466834327 147.12921391661655 
0.0 0.0 0.0 0.0 33.50162472069658 
48.56143350969422 54.8528302590869 142.62081259489634 35.7473152627242 142.26901378423372 
2.017740402044266 0.573668374525569 0.0 0.0 58.07205042955218 
0.0 75.03485483136487 0.0 12.9841190206073 51.12040490624922 
14.586115282983352 4.542968434959999 -248.33333333333331 0.0 8.340823319999998 
0.0 0.0 0.0 0.0 0.0 
0.0 0.0 0.0 0.0 0.0 
76.31717916705053 352.21703234583833 0.1926408215133402 0.0 114.12397834905374 
0.0 23.227042548679588 0.0 0.0 0.0 
10.263576113893425 3.500296749650021 3.340916570982623 0.0 7.010780154167869 
0.0 0.0 0.0 0.0 0.0 
4.915935148832167 28.311746740794533 0.573668374525569 1.9984475985398975 9.97323655952557 
0.0 0.0 34.16084348296296 19.426641853333333 20.353399999999997 
0.5792914602067469 0.0 0.0 0.0 0.0 
0.0 0.0 0.0 0.0 0.0 
13.88366258006793 44.69859712642001 76.21759317519323 21.440044452353842 47.95684978588652 
0.0 0.0 0.0 0.0 0.0 
0.0 0.0 0.0 0.0 0.0 
0.0 0.0 0.0 0.0 0.0 
0.0 0.0 0.0 0.0 0.0 
0.0 0.0 0.0 0.0 0.0 
0.0 0.0 0.0 0.0 0.0 
0.0 0.0 0.0 0.0 0.0 
0.0 0.0 0.0 0.0 0.0 
68.74783238729097 284.0320208462314 159.2730765932127 65.5790838109683 205.7970093193344 
394.95117668498915 462.87227453384264 396.07232446513945 492.00472309233606 468.0129420855403 
166.10285746598527 186.84326870734282 480.86286829576227 343.169129048322 353.1733786171445 
12.752601710024948 103.62363576591011 278.1964012361192 126.48664154572478 116.97915231964176 
158.6479677668572 0.0 95.83026433857763 98.25704458361469 197.07652235321484 
132.50297712373353 83.75269065773492 306.9753062901788 91.56323118619258 167.85477122427278 
60.1769970903924 118.03448818162639 0.0 221.15808602198248 131.10043548040173 
232.52915403183508 199.88910349385338 343.00132260582325 223.91442583404262 220.94229707012275 
0.0 0.0 0.0 0.0 0.0 
0.0 0.0 0.0 0.0 0.0 
0.0 0.0 0.0 0.0 0.0 
0.0 0.0 0.0 0.0 0.0 
0.0 0.0 0.0 0.0 0.0 
0.0 0.0 0.0 0.0 0.0 
0.0 0.0 0.0 0.0 0.0 
0.0 0.0 0.0 0.0 0.0 
11.378061487556606 98.83860438216519 35.64042526797925 24.76586214473306 30.786442231214966 
1.7443766054339065 98.19293905498026 0.0 2.8343325264086037 3.070570058284581 
0.0 0.0 0.0 27.94304711022625 0.0 
4.603764575019802 0.0 0.0 0.0 1.1995961064406226 
11.577717067857595 5.4791807930199035 0.0 2.531016004608 8.831934341388289 
188.03063707201113 182.0261951463726 246.6400869964629 215.99611971022162 223.59441306072287 
155.0568589627908 154.43285090047917 139.0538197000894 154.14281180672074 169.34734685136812 
145.73927333576256 140.35281927683187 176.0336966851538 146.76093677142032 151.2035457041737 
647.3007914967692 573.8835571528705 627.8310938782404 511.8118955904681 622.4685203583815 
459.9767124034913 368.503239963278 383.01915087678674 391.4102226725739 354.2311285527641 
320.3730795991177 318.48012457967565 340.4907889987795 333.0847081682775 341.4725586709136 
201.5830710115555 306.6779990615437 351.8534151481906 355.82770229551375 326.27709163167503 
0.0 14.244886843028521 0.0 0.0 164.3836169929964 
0.0 246.08935701944313 0.0 0.0 132.48639035489595 
208.67896904164348 2.5709348180346834 306.35389899387565 219.17103650550223 288.70854294871594 
295.82030679963225 294.1159463253658 308.1543228617985 322.28886247786215 292.5034287959339 
0.0 0.0 0.0 0.0 0.0 
0.0 0.0 0.0 0.0 0.0 
0.0 0.0 0.0 0.0 0.0 
0.0 0.0 0.0 0.0 0.0 
0.0 0.0 0.0 0.0 0.0 
0.0 0.0 0.0 0.0 0.0 
0.0 0.0 0.0 0.0 0.0 
0.0 0.0 0.0 0.0 0.0 
0.0 14.834564676768103 141.6188628197521 60.19669245397359 128.26560121215013 
55.573117556838945 98.03567211042636 126.40629909315913 98.61752559505518 124.63245003318096 
0.0 0.0 0.0 0.0 0.0 
0.0 0.0 0.0 0.0 0.0 
0.0 0.0 0.0 0.0 0.0 
0.0 0.0 0.0 0.0 0.0 
0.0 0.0 0.0 0.0 0.0 
27.069682392388493 78.04330263931128 116.96506157024842 8.69227008554688 116.89579912276585 
0.0 0.0 0.0 0.0 0.0 
0.0 0.0 52.226657303739515 11.585962421974132 17.91962187931999 
0.0 0.0 0.0 0.0 0.0 
0.0 0.0 17.23223749032989 0.0 0.0 
0.0 0.0 0.0 0.0 0.0 
0.0 0.0 0.0 0.0 0.0 
0.0 0.0 0.0 0.0 0.0 
0.0 0.0 0.0 0.0 0.0 
0.0 0.0 0.0 0.0 0.0 
0.0 0.0 0.0 0.0 0.0 
0.0 0.0 0.0 0.0 0.0 
0.0 0.0 0.0 0.0 0.0 
0.0 0.0 0.0 0.0 0.0 
0.0 0.0 0.0 0.0 0.0 
0.0 0.0 0.0 0.0 0.0 
0.0 0.0 0.0 0.0 0.0 
0.0 0.0 0.0 0.0 0.0 
0.0 0.0 0.0 0.0 0.0 
0.0 0.0 0.0 0.0 0.0 
0.0 0.0 0.0 0.0 0.0 
0.0 0.0 0.0 0.0 0.0 
0.0 0.0 0.0 0.0 0.0 
0.0 0.0 0.0 0.0 0.0 
0.0 0.0 0.0 0.0 0.0 
0.0 0.0 0.0 0.0 0.0 
0.0 0.0 0.0 0.0 0.0 
0.0 0.0 0.0 0.0 0.0 
0.0 0.0 0.0 0.0 0.0 
0.0 0.0 0.0 0.0 0.0 
1.7610411437811215 0.0 15.975350339044574 0.0 3.575221034517784 
0.0 0.0 0.0 0.0 0.0 
0.0 0.0 0.0 0.0 0.0 
0.0 0.0 0.0 0.0 0.0 
0.0 0.0 0.0 0.0 0.0 
0.0 0.0 0.0 0.0 0.0 
0.0 0.0 0.0 0.0 0.0 
0.0 0.0 0.0 0.0 0.0 
0.0 0.0 0.0 407.5518326943391 101.39999999999999 
513.507520385229 523.6993351871565 406.0356142773678 611.7514574720914 518.680532865644 
521.387618348735 514.2852247924639 466.21241246574937 594.3742316724652 476.23512931006417 
0.0 0.0 0.0 7.983463510587745 4.286463105865884 
0.0 0.0 0.0 0.0 0.0 
0.0 0.0 0.0 0.0 0.0 
0.0 0.0 0.0 0.0 0.0 
0.0 0.0 5.170441932838696 17.38711823881876 37.97817170104993 
169.05453340082943 154.82799885938826 177.6179439309086 155.0268226682959 153.40983890087625 
109.98778789066837 122.2568680426728 122.92859080629559 128.37695851242626 117.04994388760784 
135.9783047072429 119.4343625013515 160.05268029862032 152.1297205412071 153.7591136442326 
0.0 103.09477020540275 255.69139435863778 0.0 274.57216238034 
0.0 370.3936586556838 446.6611688234182 394.19115765930786 235.56769376489038 
0.0 0.0 196.67248639720108 0.0 0.0 
0.0 0.0 0.0 0.0 0.0 
0.0 0.0 0.0 0.0 0.0 
0.0 0.0 0.0 0.0 0.0 
0.0 0.0 0.0 449.33333333333337 0.0 
0.0 0.0 148.97951360259907 4.178831394492876 19.79685014197794 
0.0 0.0 0.0 0.0 0.0 
0.0 0.0 0.0 0.0 0.0 
0.0 0.0 0.0 0.0 0.0 
0.0 0.0 0.0 0.0 0.0 
0.0 0.0 0.0 0.0 0.0 
0.0 0.0 0.0 0.0 0.0 
0.0 0.0 0.0 0.0 0.0 
868.7811484560873 795.9271716468724 380.52365711287985 501.01417720642974 801.0385178709992 
0.0 0.0 0.0 0.0 0.0 
0.0 0.0 0.0 0.0 0.0 
0.0 0.0 0.0 0.0 0.0 
0.0 0.0 0.0 0.0 0.0 
0.0 0.0 0.0 0.0 0.0 
0.0 0.0 0.0 0.0 0.0 
0.0 0.0 0.0 0.0 0.0 
0.0 0.0 0.0 0.0 0.0 
0.0 0.0 0.0 0.0 0.0 
0.0 0.0 0.0 0.0 0.0 
0.0 0.0 0.0 0.0 0.0 
0.0 0.0 0.0 0.0 0.0 
0.0 0.0 0.0 0.0 0.0 
0.0 0.0 0.0 0.0 0.0 
0.0 0.0 0.0 0.0 0.0 
0.0 0.0 0.0 0.0 0.0 
0.0 0.0 0.0 0.0 0.0 
0.0 0.0 0.0 0.0 0.0 
0.0 0.0 0.0 0.0 0.0 
3.720337272032498 0.18867498659381216 0.0 0.18867498659381216 2.1639368431141257 
0.0 0.0 0.0 0.0 0.0 
0.0 0.0 0.0 0.0 0.0 
0.0 0.0 0.0 49.06666666666667 0.0 
0.0 0.0 0.0 0.0 0.0 
0.0 0.0 0.0 0.0 0.0 
0.0 0.0 0.0 0.0 0.0 
0.0 0.0 0.0 0.0 0.0 
0.0 0.0 0.0 0.0 0.0 
0.0 0.0 0.0 0.0 0.0 
0.0 0.0 0.0 0.0 0.0 
0.0 0.0 0.0 0.0 0.0 
0.0 0.0 0.0 0.0 0.0 
0.0 0.0 0.0 0.0 0.0 
0.0 0.0 0.0 0.0 0.0 
0.0 0.0 0.0 0.0 0.0 
0.0 0.0 0.0 0.0 0.0 
0.0 0.0 0.0 0.0 0.0 
0.0 0.0 0.0 0.0 0.0 
0.0 0.0 0.0 0.0 0.0 
0.0 0.0 0.0 0.0 0.0 
0.0 0.0 0.0 0.0 0.0 
0.0 0.0 0.0 0.0 0.0 
0.0 0.0 0.0 0.0 0.0 
0.0 0.0 0.0 0.0 0.0 
0.0 0.0 0.0 0.0 0.0 
0.0 0.0 0.0 0.0 0.0 
0.0 0.0 0.0 0.0 0.0 
7.449175150539687 0.0 2.945544221335801 0.0 4.453662862659732 
60.63312169210132 12.023902746633294 38.473696266592285 53.763597057485356 60.70886197235246 
0.0 0.0 0.0 0.0 0.0 
0.0 0.0 0.0 0.0 0.0 
0.0 0.0 0.0 0.0 0.0 
0.0 0.0 0.0 0.0 0.0 
0.0 0.0 0.0 0.0 0.0 
174.91271619466386 199.58238279361439 191.8509299712664 236.63004191499832 200.98910005298598 
126.80400813768614 131.55271859340502 157.56076619998765 210.41613644328834 161.85486270000888 
0.0 0.0 0.0 0.0 0.0 
0.0 0.0 0.0 0.0 0.0 
0.0 0.0 0.0 0.0 0.0 
0.0 0.0 0.0 0.0 0.0 
0.0 0.0 0.0 0.0 0.0 
0.0 0.0 0.0 0.0 0.0 
115.8094161332718 111.82709646860465 0.0 128.75964164929755 160.66888646754472 
15.656710000105077 11.277806152852296 25.50385832847647 24.585241700751084 77.14371927137242 
0.0 0.0 0.0 0.0 0.0 
0.0 0.0 0.0 0.0 0.0 
0.0 0.0 0.0 0.0 0.0 
0.0 0.0 0.0 0.0 0.0 
0.0 0.0 0.0 0.0 0.0 
0.0 0.0 0.0 0.0 0.0 
0.0 0.0 0.0 0.0 0.0 
0.0 0.0 0.0 0.0 0.0 
54.41706853169767 129.41596432421153 77.04637528098193 0.0 119.11410461258373 
71.41978551020773 127.37082077701866 0.0 57.71239189931054 120.52891424268262 
0.0 0.0 0.0 0.0 0.0 
0.0 0.0 0.0 0.0 0.0 
0.0 0.0 0.0 0.0 0.0 
0.0 0.0 0.0 0.0 0.0 
0.0 0.0 0.0 0.0 0.0 
0.0 0.0 0.0 0.0 0.0 
0.0 0.0 0.0 0.0 0.0 
0.0 0.0 0.0 0.0 0.0 
0.0 0.0 0.0 0.0 0.0 
0.0 0.0 0.0 0.0 0.0 
0.0 0.0 0.0 0.0 0.0 
0.0 0.0 0.0 0.0 0.0 
0.0 0.0 0.0 0.0 0.0 
0.0 0.0 0.0 0.0 0.0 
0.0 0.0 0.0 0.0 0.0 
0.0 0.0 0.0 0.0 0.0 
0.0 0.0 0.0 0.0 0.0 
0.0 0.0 0.0 0.0 0.0 
0.0 0.0 0.0 0.0 0.0 
0.0 0.0 0.0 0.0 0.0 
0.0 0.0 0.0 0.0 0.0 
0.0 0.0 0.0 0.0 0.0 
0.0 0.0 0.0 0.0 0.0 
0.0 0.0 0.0 0.0 0.0 
0.0 0.0 0.0 0.0 0.0 
0.0 0.0 0.0 0.0 0.0 
0.0 0.0 0.0 0.0 0.0 
0.0 0.0 0.0 0.0 0.0 
0.0 0.0 0.0 0.0 0.0 
0.0 0.0 0.0 0.0 0.0 
0.0 0.0 0.0 0.0 0.0 
0.0 0.0 0.0 0.0 0.0 
0.0 0.0 0.0 0.0 0.0 
0.0 0.0 0.0 0.0 0.0 
0.0 0.0 0.0 0.0 0.0 
0.0 0.0 0.0 0.0 0.0 
0.0 0.0 0.0 0.0 0.0 
0.0 0.0 0.0 0.0 0.0 
0.0 0.0 0.0 0.0 0.0 
0.0 0.0 0.0 0.0 0.0 
0.0 0.0 0.0 0.0 0.0 
0.0 0.0 0.0 0.0 0.0 
0.0 0.0 0.0 0.0 0.0 
0.0 0.0 0.0 0.0 0.0 
0.0 0.0 0.0 0.0 0.0 
0.0 0.0 0.0 0.0 0.0 
0.0 0.0 0.0 0.0 0.0 
0.0 0.0 0.0 0.0 0.0 
0.0 0.0 0.0 0.0 0.0 
0.0 0.0 0.0 0.0 0.0 
0.0 0.0 0.0 0.0 0.0 
0.0 0.0 0.0 0.0 0.0 
0.0 0.0 0.0 0.0 0.0 
0.0 0.0 0.0 0.0 0.0 
0.0 9.180823809525211 0.0 0.0 0.0 
0.5730856464787442 407.5911874536441 136.02142865130776 89.07709978766944 328.4212802001207 
0.0 0.0 0.0 0.0 0.0 
0.0 0.0 0.0 0.0 0.0 
0.0 0.0 0.0 0.0 0.0 
0.0 0.0 0.0 0.0 0.0 
0.0 0.0 0.0 0.0 0.0 
0.0 0.0 0.0 0.0 0.0 
0.0 66.60451202040655 0.0 0.0 0.0 
0.0 0.0 0.0 0.0 0.0 
0.0 0.0 0.0 0.0 0.0 
0.0 0.0 0.0 0.0 1.023599332504615 
0.0 38.81842368250103 0.0 0.0 1.0796437184115097 
119.95366773250383 173.81462723447606 97.45478596141626 84.63295302368394 125.58048374816963 
116.27231154019461 135.28907884097237 151.56353696636376 122.78193637269567 128.56686568208607 
136.283088212189 101.50396167797254 159.5835736000848 133.749354521847 136.25581743835625 
8.295323084973573 7.209972121107612 0.0 0.0 49.39494623655576 
0.0 112.89541885941136 31.3306082423708 0.0 57.26754589001186 
0.0 0.0 0.0 0.0 0.0 
0.0 0.0 0.0 0.0 0.0 
0.0 0.0 0.0 0.0 0.0 
0.0 0.0 0.0 0.0 0.0 
0.0 0.0 0.0 0.0 0.0 
0.0 0.0 0.0 0.0 0.0 
0.0 0.0 0.0 0.0 0.0 
0.0 0.0 0.0 0.0 0.0 
0.0 0.0 0.0 0.0 0.0 
0.0 0.0 0.0 0.0 0.0 
0.0 0.0 0.0 0.0 0.0 
0.0 0.0 0.0 0.0 0.0 
0.0 0.0 0.0 0.0 0.0 
0.0 402.9277013969123 0.0 109.64958838524836 166.448075168807 
0.0 0.0 0.0 0.0 0.0 
0.0 0.0 0.0 0.0 0.0 
0.0 6.800919505935119 0.0 0.0 0.0 
0.13491985870926304 1.2312164148502907 0.12232506465774062 0.14945933489679952 0.13451359897158555 
0.0 0.0 -246.33333333333331 0.0 0.0 
0.0 0.0 0.0 0.0 0.0 
0.0 0.0 0.0 0.0 0.0 
0.0 0.0 0.0 0.0 0.0 
0.0 0.0 0.0 0.0 0.0 
0.0 0.0 0.0 0.0 0.0 
0.0 0.0 0.0 0.0 0.0 
0.0 0.0 0.0 0.0 0.0 
0.0 0.0 0.0 0.0 0.0 
0.0 0.0 0.0 0.0 0.0 
0.0 0.0 0.0 0.0 0.0 
0.0 0.0 0.0 0.0 0.0 
0.0 0.0 0.0 0.0 0.0 
0.0 0.0 0.0 0.0 0.0 
0.0 0.0 0.0 0.0 0.0 
0.0 0.0 0.0 0.0 0.0 
0.0 0.0 0.0 0.0 0.0 
2.4576896662751517 9.888120130972247 13.089987416190619 9.874104292710737 15.19136139525057 
0.0 0.0 0.0 0.0 0.0 
0.0 0.0 18.72075694025121 0.0 0.0 
0.0 0.0 0.0 0.0 0.0 
0.0 0.0 0.0 0.0 0.0 
0.0 0.0 0.0 0.0 0.0 
0.0 0.0 0.0 0.0 0.0 
0.0 0.0 0.0 0.0 0.0 
0.0 0.0 0.0 0.0 0.0 
0.0 0.0 0.0 0.0 0.0 
0.0 0.0 0.0 0.0 0.0 
8.220902255698203 8.656369956464001 8.683027166962425 9.532358279725958 37.768050716665186 
0.0 2.4038665846942044 0.0 0.0 0.0 
0.0 0.0 0.0 0.0 0.0 
3.2493818741997442 6.918038828941391 1.6376884645966712 3.2659019450241753 6.019863941603631 
0.0 11.614907532122706 11.273794807214223 12.105905069129618 9.992184846165003 
91.9142271045742 133.6018197312281 140.0086652335704 130.3764269431529 131.16496861044544 
131.00141150995756 132.45316544758208 148.74307890178213 130.02503135610095 136.59210497588788 
118.17845288342741 141.7392303473207 153.463340590743 125.59980846002338 111.6776531362521 
0.0 0.0 0.0 0.0 34.221056358625304 
0.0 176.07895611062065 0.0 34.221056358625304 34.221056358625304 
0.0 0.0 0.0 0.0 0.0 
0.0 0.0 0.0 0.0 0.0 
0.0 0.0 0.0 0.0 0.0 
0.0 0.0 0.0 0.0 0.0 
0.0 0.0 15.355161504765585 0.0 0.0 
0.0 11.990452912140569 0.0 0.0 6.420623940558197 
0.0 0.0 0.0 0.0 0.0 
0.0 0.0 0.0 0.0 0.0 
0.0 0.0 0.0 0.0 0.0 
0.0 0.0 0.0 0.0 0.0 
0.0 0.0 0.0 0.0 0.0 
0.0 0.0 0.0 0.0 0.0 
0.0 0.0 0.0 0.0 0.0 
0.0 0.0 0.0 0.0 0.0 
0.0 0.0 0.0 0.0 0.0 
0.0 0.0 0.0 0.0 0.0 
0.0 0.0 0.0 0.0 0.0 
0.0 0.0 0.0 0.0 0.0 
0.0 0.0 0.0 0.0 0.0 
0.0 0.0 0.0 0.0 0.0 
0.0 0.0 0.0 0.0 0.0 
0.0 0.0 0.0 0.0 0.0 
0.0 0.0 0.0 0.0 0.0 
0.0 0.0 0.0 0.0 0.0 
0.0 0.0 0.0 0.0 0.0 
0.0 0.0 0.0 0.0 0.0 
0.0 0.0 0.0 0.0 0.0 
0.0 0.0 0.0 0.0 0.0 
0.0 0.0 0.0 0.0 0.0 
0.0 0.0 0.0 0.0 0.0 
0.0 0.0 0.0 0.0 0.0 
0.0 0.0 0.0 0.0 0.0 
0.0 0.0 0.0 0.0 0.0 
0.0 0.0 0.0 0.0 0.0 
0.0 0.0 0.0 0.0 0.0 
0.0 0.0 0.0 0.0 0.0 
0.0 0.0 0.0 0.0 0.0 
0.0 0.0 0.0 0.0 0.0 
0.0 0.0 0.0 0.0 0.0 
0.0 0.0 0.0 0.0 0.0 
0.0 0.0 0.0 0.0 0.0 
0.0 0.0 0.0 0.0 0.0 
0.0 0.0 0.0 0.0 0.0 
0.0 0.0 0.0 0.0 0.0 
0.0 0.0 0.0 0.0 0.0 
0.0 0.0 0.0 0.0 0.0 
0.0 0.0 0.0 0.0 0.0 
0.0 0.0 0.0 0.0 0.0 
0.0 0.0 0.0 0.0 0.0 
0.0 0.0 0.0 0.0 0.0 
0.0 0.0 0.0 0.0 0.0 
0.0 0.0 0.0 0.0 0.0 
0.0 0.0 0.0 0.0 0.0 
0.0 0.0 0.0 0.0 0.0 
0.0 0.0 0.0 0.0 0.0 
0.0 0.0 0.0 0.0 0.0 
0.0 0.0 0.0 0.0 0.0 
0.0 0.0 0.0 0.0 0.0 
0.0 0.0 0.0 0.0 0.0 
0.0 0.0 0.0 0.0 0.0 
0.0 0.0 0.0 0.0 0.0 
0.0 0.0 0.0 0.0 0.0 
0.0 0.0 0.0 0.0 0.0 
0.0 0.0 0.0 0.0 0.0 
0.0 0.0 0.0 0.0 0.0 
0.0 0.0 0.0 0.0 0.0 
0.0 0.0 0.0 0.0 0.0 
0.0 0.0 0.0 0.0 0.0 
0.0 0.0 0.0 0.0 0.0 
0.0 0.0 0.0 0.0 0.0 
0.0 0.0 0.0 0.0 0.0 
0.0 0.0 0.0 0.0 0.0 
0.0 0.0 0.0 0.0 0.0 
0.0 0.0 0.0 0.0 0.0 
0.0 0.0 0.0 0.0 0.0 
0.0 0.0 0.0 0.0 0.0 
0.0 0.0 0.0 0.0 0.0 
0.0 0.0 0.0 0.0 0.0 
0.0 0.0 0.0 0.0 0.0 
0.0 0.0 0.0 0.0 0.0 
0.0 0.0 0.0 0.0 0.0 
0.0 0.0 0.0 0.0 0.0 
0.0 0.0 0.0 0.0 0.0 
0.0 0.0 0.0 0.0 0.0 
0.0 0.0 0.0 0.0 0.0 
0.0 0.0 0.0 0.0 0.0 
0.0 0.0 0.0 0.0 0.0 
0.0 0.0 0.0 0.0 0.0 
0.0 0.0 0.0 0.0 0.0 
0.0 0.0 0.0 0.0 0.0 
0.0 0.0 0.0 0.0 0.0 
0.0 0.0 0.0 0.0 0.0 
0.0 0.0 0.0 0.0 0.0 
0.0 0.0 0.0 0.0 0.0 
0.0 0.0 0.0 0.0 0.0 
0.0 0.0 0.0 0.0 0.0 
0.0 0.0 0.0 0.0 0.0 
0.0 0.0 0.0 0.0 0.0 
0.0 0.0 0.0 0.0 0.0 
0.0 0.0 0.0 0.0 0.0 
0.0 0.0 0.0 0.0 0.0 
0.0 0.0 0.0 0.0 0.0 
0.0 0.0 0.0 0.0 0.0 
0.0 0.0 0.0 0.0 0.0 
0.0 0.0 0.0 0.0 0.0 
0.0 0.0 0.0 0.0 0.0 
0.0 0.0 0.0 0.0 0.0 
0.0 0.0 0.0 0.0 0.0 
0.0 0.0 0.0 0.0 0.0 
0.0 0.0 0.0 0.0 0.0 
0.0 0.0 0.0 0.0 0.0 
0.0 0.0 0.0 0.0 0.0 
0.0 0.0 0.0 0.0 0.0 
0.0 0.0 0.0 0.0 0.0 
0.0 0.0 0.0 0.0 0.0 
0.0 0.0 0.0 0.0 0.0 
0.0 0.0 0.0 0.0 0.0 
0.0 0.0 0.0 0.0 0.0 
0.0 0.0 0.0 0.0 0.0 
0.0 0.0 0.0 0.0 0.0 
0.0 0.0 0.0 0.0 0.0 
0.0 0.0 0.0 0.0 0.0 
3.7177043867688684 3.7177043867688684 0.0 15.075254431699221 0.7973208070509255 
81.44114550285502 88.55075269059421 112.75573241242458 154.1836070193749 111.99044584642519 
8.865231953401436 82.27160457976919 58.51986083103889 261.98194950612344 151.46493649524365 
74.2572207329298 139.41635261111549 162.274078314532 224.26239412413713 204.23359138738851 
0.0 0.0 0.0 0.0 0.0 
0.0 0.0 0.0 0.0 0.0 
0.0 0.0 0.0 0.0 0.0 
0.0 0.0 0.0 0.0 0.0 
0.0 0.0 0.0 0.0 0.0 
0.0 0.0 0.0 0.0 0.0 
0.0 0.0 0.0 0.0 0.0 
0.0 0.0 0.0 0.0 0.0 
0.0 0.0 0.0 0.0 0.0 
0.0 0.0 0.0 0.0 0.0 
0.0 0.0 0.0 0.0 0.0 
0.0 0.0 0.0 0.0 0.0 
0.0 0.0 0.0 0.0 0.0 
0.0 0.0 0.0 0.0 0.0 
0.0 0.0 0.0 0.0 0.0 
0.0 0.0 0.0 0.0 0.0 
0.0 25.65449125160224 0.0 81.29884103535596 172.14504498189214 
0.0 0.0 0.0 0.0 0.0 
0.0 0.0 0.0 0.0 0.0 
0.0 0.0 0.0 0.0 0.0 
0.0 0.0 0.0 0.0 0.0 
77.3205506996548 72.91100843664276 40.94770412888277 177.0627043804996 121.45007091661299 
10.549526746260044 0.0 57.20666525853929 0.0 97.20823398240749 
155.91399356470185 218.91282399851957 184.50602642686135 266.65002654658247 236.3082908421692 
0.0 0.0 0.0 0.0 0.0 
0.0 0.0 0.0 0.0 0.0 
0.0 0.0 0.0 0.0 0.0 
0.0 0.0 0.0 0.0 0.0 
0.0 0.0 0.0 0.0 0.0 
0.0 0.0 0.0 0.0 0.0 
0.0 0.0 0.0 0.0 0.0 
0.0 0.0 0.0 0.0 0.0 
0.0 0.0 0.0 0.0 0.0 
0.0 0.0 0.0 0.0 0.0 
0.0 0.0 0.0 0.0 0.0 
0.0 0.0 0.0 0.0 0.0 
0.0 0.0 0.0 0.0 0.0 
0.0 0.0 0.0 0.0 0.0 
0.0 0.0 0.0 0.0 0.0 
0.0 0.0 0.0 0.0 0.0 
0.0 0.0 0.0 0.0 0.0 
0.0 0.0 0.0 0.0 0.0 
0.0 0.0 0.0 0.0 0.0 
0.0 0.0 0.0 0.0 0.0 
0.0 0.0 0.0 0.0 0.0 
0.0 0.0 0.0 0.0 0.0 
0.0 0.0 0.0 0.0 0.0 
0.0 0.0 0.0 0.0 0.0 
0.0 0.0 0.0 0.0 0.0 
0.0 0.0 0.0 0.0 0.0 
0.0 0.0 0.0 0.0 0.0 
0.0 0.0 0.0 0.0 0.0 
0.0 0.0 0.0 0.0 0.0 
0.0 0.0 0.0 0.0 0.0 
0.0 0.0 0.0 0.0 0.0 
0.0 0.0 0.0 0.0 0.0 
0.0 0.0 0.0 0.0 0.0 
0.0 0.0 0.0 0.0 0.0 
0.0 0.0 0.0 0.0 0.0 
0.0 0.0 0.0 0.0 0.0 
0.0 0.0 0.0 0.0 0.0 
0.0 0.0 0.0 0.0 0.0 
0.0 0.0 0.0 0.0 0.0 
0.0 0.0 0.0 0.0 0.0 
0.0 0.0 0.0 0.0 0.0 
0.0 0.0 0.0 0.0 0.0 
0.0 0.0 0.0 0.0 0.0 
0.0 0.0 0.0 0.0 0.0 
0.0 0.0 0.0 0.0 0.0 
0.0 0.0 0.0 0.0 0.0 
0.0 0.0 0.0 0.0 0.0 
0.0 0.0 0.0 0.0 0.0 
0.0 0.0 0.0 0.0 0.0 
0.0 0.0 0.0 0.0 0.0 
0.0 0.0 0.0 0.0 0.0 
0.0 0.0 0.0 0.0 0.0 
0.0 0.0 0.0 0.0 0.0 
0.0 0.0 0.0 0.0 0.0 
0.0 0.0 0.0 0.0 0.0 
0.0 0.0 0.0 0.0 0.0 
0.0 0.0 0.0 0.0 0.0 
0.0 0.0 0.0 0.0 0.0 
0.0 0.0 0.0 0.0 0.0 
0.0 0.0 0.0 0.0 0.0 
0.0 0.0 0.0 0.0 0.0 
0.0 0.0 0.0 0.0 0.0 
0.0 0.0 0.0 0.0 0.0 
0.0 0.0 0.0 0.0 0.0 
0.0 0.0 0.0 0.0 0.0 
0.0 0.0 0.0 0.0 0.0 
0.0 0.0 0.0 0.0 0.0 
0.0 0.0 0.0 0.0 0.0 
0.0 0.0 0.0 0.0 0.0 
0.0 0.0 0.0 0.0 0.0 
0.0 0.0 0.0 0.0 0.0 
0.0 0.0 0.0 0.0 0.0 
0.0 0.0 0.0 0.0 0.0 
0.0 0.0 0.0 0.0 0.0 
0.0 0.0 0.0 0.0 0.0 
0.0 0.0 0.0 0.0 0.0 
0.0 0.0 0.0 0.0 0.0 
0.0 0.0 0.0 0.0 0.0 
0.0 0.0 0.0 0.0 0.0 
0.0 0.0 0.0 0.0 0.0 
96.33979965422361 119.64284550693128 106.61304518163254 91.72210030132223 103.77240857485879 
68.6035242390742 147.35797692612545 68.1358944677342 75.26642546545463 100.26919441279708 
90.13398750088953 105.47859828282833 37.373325179341066 89.85778728885586 101.76579093310212 
0.0 0.0 0.0 0.0 0.0 
0.0 0.0 0.0 0.0 0.0 
0.0 0.0 0.0 0.0 0.0 
0.0 0.0 0.0 0.0 0.0 
0.0 0.0 0.0 0.0 0.0 
0.0 0.0 0.0 0.0 0.0 
0.0 0.0 0.0 0.0 0.0 
0.0 0.0 0.0 0.0 0.0 
0.0 0.0 0.0 0.0 0.0 
0.0 0.0 0.0 0.0 0.0 
0.0 0.0 0.0 0.0 0.0 
0.0 0.0 0.0 0.0 0.0 
0.0 0.0 0.0 0.0 0.0 
0.0 0.0 0.0 0.0 0.0 
0.0 0.0 0.0 0.0 0.0 
0.0 0.0 0.0 0.0 0.0 
0.0 0.0 0.0 0.0 0.0 
0.0 0.0 0.0 0.0 0.0 
0.0 0.0 0.0 0.0 0.0 
0.0 0.0 0.0 0.0 0.0 
0.0 0.0 0.0 0.0 0.0 
0.0 0.0 0.0 0.0 0.0 
0.0 0.0 0.0 0.0 0.0 
0.0 0.0 0.0 0.0 0.0 
0.0 0.0 0.0 0.0 0.0 
0.0 0.0 0.0 0.0 0.0 
0.0 0.0 0.0 0.0 0.0 
0.0 0.0 0.0 0.0 0.0 
0.0 0.0 0.0 0.0 0.0 
0.0 0.0 0.0 0.0 0.0 
0.0 0.0 0.0 0.0 0.0 
0.0 0.0 0.0 0.0 0.0 
0.0 0.0 0.0 0.0 0.0 
0.0 0.0 0.0 0.0 0.0 
0.0 0.0 0.0 0.0 0.0 
0.0 0.0 0.0 0.0 0.0 
0.0 0.0 0.0 0.0 0.0 
0.0 0.0 0.0 0.0 0.0 
0.0 0.0 0.0 0.0 0.0 
0.0 0.0 0.0 0.0 0.0 
0.0 0.0 0.0 0.0 0.0 
0.0 0.0 0.0 0.0 0.0 
0.0 0.0 0.0 0.0 0.0 
0.0 0.0 0.0 0.0 0.0 
0.0 0.0 0.0 0.0 0.0 
0.0 0.0 0.0 0.0 0.0 
0.0 0.0 0.0 0.0 0.0 
0.0 0.0 0.0 0.0 0.0 
0.0 0.0 0.0 0.0 0.0 
0.0 0.0 0.0 0.0 0.0 
0.0 0.0 0.0 0.0 0.0 
0.0 0.0 0.0 0.0 0.0 
0.0 0.0 0.0 0.0 0.0 
113.79571348074393 148.07690080794922 132.7063392652912 61.7671741618304 220.45342890406675 
164.91814669767507 325.47575188577264 241.42847394028476 178.65415510294986 274.4950520860965 
0.0 0.0 0.0 0.0 0.0 
0.0 0.0 0.0 0.0 0.0 
0.0 0.0 0.0 0.0 0.0 
0.0 0.0 0.0 0.0 0.0 
0.0 0.0 0.0 0.0 0.0 
0.0 0.0 0.0 0.0 0.0 
